0,0.000032370000
1000,0.000030248000
2000,0.000029696000
3000,0.000029737000
4000,0.000029956000
5000,0.000029663000
6000,0.000029743000
7000,0.000029684000
8000,0.000029806000
9000,0.000038776000
10000,0.000029802000
11000,0.000029680000
12000,0.000029793000
13000,0.000029795000
14000,0.000029692000
15000,0.000029717000
16000,0.000029664000
17000,0.000029691000
18000,0.000029740000
19000,0.000029712000
20000,0.000029754000
21000,0.000029697000
22000,0.000029666000
23000,0.000029683000
24000,0.000029668000
25000,0.000029757000
26000,0.000029801000
27000,0.000029671000
28000,0.000029712000
29000,0.000029661000
30000,0.000029805000
31000,0.000029791000
32000,0.000029674000
33000,0.000029760000
34000,0.000029823000
35000,0.000029627000
36000,0.000029602000
37000,0.000029746000
38000,0.000029779000
39000,0.000030082000
40000,0.000029709000
41000,0.000029786000
42000,0.000030173000
43000,0.000029861000
44000,0.000029743000
45000,0.000029820000
46000,0.000029978000
47000,0.000029611000
48000,0.000029681000
49000,0.000029706000
50000,0.000029998000
51000,0.000029632000
52000,0.000029734000
53000,0.000030065000
54000,0.000029753000
55000,0.000030018000
56000,0.000029676000
57000,0.000029740000
58000,0.000029739000
59000,0.000029656000
60000,0.000029738000
61000,0.000030011000
62000,0.000030197000
63000,0.000029621000
64000,0.000030277000
65000,0.000029693000
66000,0.000029721000
67000,0.000030078000
68000,0.000029738000
69000,0.000029919000
70000,0.000029721000
71000,0.000029793000
72000,0.000029690000
73000,0.000029854000
74000,0.000029864000
75000,0.000029957000
76000,0.000029720000
77000,0.000029740000
78000,0.000029718000
79000,0.000029655000
80000,0.000029817000
81000,0.000029833000
82000,0.000029867000
83000,0.000029845000
84000,0.000029813000
85000,0.000029770000
86000,0.000029778000
87000,0.000029669000
88000,0.000030154000
89000,0.000030006000
90000,0.000030016000
91000,0.000030257000
92000,0.000029780000
93000,0.000030090000
94000,0.000029635000
95000,0.000029770000
96000,0.000029740000
97000,0.000029778000
98000,0.000030179000
99000,0.000029750000
100000,0.000030015000
101000,0.000029989000
102000,0.000029937000
103000,0.000029677000
104000,0.000029601000
105000,0.000029669000
106000,0.000030002000
107000,0.000029665000
108000,0.000029818000
109000,0.000029680000
110000,0.000033137000
111000,0.000030062000
112000,0.000030160000
113000,0.000030002000
114000,0.000029738000
115000,0.000029639000
116000,0.000030064000
117000,0.000029666000
118000,0.000029786000
119000,0.000029636000
120000,0.000029697000
121000,0.000030208000
122000,0.000040839000
123000,0.000039770000
124000,0.000040266000
125000,0.000039593000
126000,0.000040394000
127000,0.000039475000
128000,0.000040302000
129000,0.000030575000
130000,0.000031019000
131000,0.000030661000
132000,0.000030590000
133000,0.000030558000
134000,0.000030925000
135000,0.000030626000
136000,0.000030905000
137000,0.000030602000
138000,0.000030655000
139000,0.000030703000
140000,0.000030757000
141000,0.000030592000
142000,0.000030710000
143000,0.000030651000
144000,0.000030931000
145000,0.000031007000
146000,0.000031028000
147000,0.000030843000
148000,0.000030604000
149000,0.000031061000
150000,0.000030653000
151000,0.000030626000
152000,0.000030568000
153000,0.000030555000
154000,0.000030550000
155000,0.000030745000
156000,0.000030859000
157000,0.000030606000
158000,0.000030883000
159000,0.000030870000
160000,0.000030582000
161000,0.000030804000
162000,0.000030599000
163000,0.000030627000
164000,0.000030574000
165000,0.000030558000
166000,0.000030709000
167000,0.000030568000
168000,0.000030643000
169000,0.000030948000
170000,0.000031126000
171000,0.000030633000
172000,0.000030894000
173000,0.000030844000
174000,0.000030576000
175000,0.000030576000
176000,0.000030591000
177000,0.000030634000
178000,0.000030725000
179000,0.000030694000
180000,0.000030702000
181000,0.000030901000
182000,0.000030596000
183000,0.000030655000
184000,0.000031001000
185000,0.000030756000
186000,0.000030532000
187000,0.000030603000
188000,0.000030715000
189000,0.000030735000
190000,0.000030834000
191000,0.000030635000
192000,0.000030924000
193000,0.000030791000
194000,0.000030806000
195000,0.000030554000
196000,0.000030964000
197000,0.000030817000
198000,0.000030559000
199000,0.000030922000
200000,0.000030786000
201000,0.000030705000
202000,0.000030724000
203000,0.000030675000
204000,0.000030641000
205000,0.000030914000
206000,0.000034072000
207000,0.000030961000
208000,0.000030860000
209000,0.000030651000
210000,0.000030666000
211000,0.000030831000
212000,0.000030965000
213000,0.000030557000
214000,0.000030610000
215000,0.000030887000
216000,0.000030664000
217000,0.000030692000
218000,0.000030634000
219000,0.000030669000
220000,0.000030602000
221000,0.000030909000
222000,0.000030659000
223000,0.000030656000
224000,0.000030617000
225000,0.000030599000
226000,0.000030560000
227000,0.000030560000
228000,0.000030632000
229000,0.000030638000
230000,0.000030614000
231000,0.000030746000
232000,0.000031019000
233000,0.000030637000
234000,0.000030638000
235000,0.000030997000
236000,0.000030595000
237000,0.000030523000
238000,0.000030588000
239000,0.000030597000
240000,0.000030703000
241000,0.000030567000
242000,0.000030856000
243000,0.000030586000
244000,0.000030761000
245000,0.000030611000
246000,0.000030682000
247000,0.000030584000
248000,0.000030608000
249000,0.000031036000
250000,0.000030572000
251000,0.000031140000
252000,0.000030910000
253000,0.000030678000
254000,0.000030699000
255000,0.000030702000
256000,0.000030657000
257000,0.000031052000
258000,0.000030602000
259000,0.000031077000
260000,0.000030999000
261000,0.000030808000
262000,0.000030605000
263000,0.000030715000
264000,0.000030676000
265000,0.000030538000
266000,0.000030619000
267000,0.000030607000
268000,0.000030612000
269000,0.000030550000
270000,0.000030606000
271000,0.000030601000
272000,0.000030621000
273000,0.000030631000
274000,0.000030684000
275000,0.000030589000
276000,0.000030683000
277000,0.000030526000
278000,0.000030779000
279000,0.000030633000
280000,0.000030640000
281000,0.000030596000
282000,0.000030587000
283000,0.000030540000
284000,0.000030974000
285000,0.000030679000
286000,0.000030615000
287000,0.000030709000
288000,0.000030892000
289000,0.000030918000
290000,0.000030955000
291000,0.000030533000
292000,0.000030525000
293000,0.000030705000
294000,0.000030623000
295000,0.000030803000
296000,0.000030650000
297000,0.000030543000
298000,0.000030680000
299000,0.000030596000
300000,0.000030923000
301000,0.000030592000
302000,0.000031030000
303000,0.000030689000
304000,0.000033925000
305000,0.000031504000
306000,0.000030561000
307000,0.000030741000
308000,0.000030815000
309000,0.000030807000
310000,0.000030695000
311000,0.000031131000
312000,0.000030678000
313000,0.000030578000
314000,0.000030904000
315000,0.000030683000
316000,0.000030655000
317000,0.000030675000
318000,0.000030581000
319000,0.000031108000
320000,0.000030898000
321000,0.000030636000
322000,0.000030573000
323000,0.000030558000
324000,0.000030919000
325000,0.000030881000
326000,0.000030700000
327000,0.000030603000
328000,0.000030743000
329000,0.000030964000
330000,0.000030642000
331000,0.000030621000
332000,0.000030744000
333000,0.000030573000
334000,0.000030837000
335000,0.000030912000
336000,0.000030552000
337000,0.000030613000
338000,0.000030681000
339000,0.000030577000
340000,0.000030603000
341000,0.000030680000
342000,0.000030621000
343000,0.000030649000
344000,0.000030539000
345000,0.000030612000
346000,0.000030537000
347000,0.000031033000
348000,0.000030684000
349000,0.000030559000
350000,0.000030593000
351000,0.000030582000
352000,0.000030701000
353000,0.000030576000
354000,0.000030624000
355000,0.000031143000
356000,0.000031033000
357000,0.000030789000
358000,0.000030585000
359000,0.000030637000
360000,0.000030519000
361000,0.000030600000
362000,0.000030885000
363000,0.000030526000
364000,0.000030544000
365000,0.000030548000
366000,0.000030558000
367000,0.000030922000
368000,0.000030742000
369000,0.000030549000
370000,0.000030605000
371000,0.000030577000
372000,0.000030682000
373000,0.000030532000
374000,0.000030663000
375000,0.000030580000
376000,0.000030525000
377000,0.000030562000
378000,0.000030993000
379000,0.000030624000
380000,0.000030965000
381000,0.000030611000
382000,0.000030674000
383000,0.000030890000
384000,0.000030973000
385000,0.000030599000
386000,0.000030650000
387000,0.000030538000
388000,0.000030745000
389000,0.000031068000
390000,0.000030545000
391000,0.000030973000
392000,0.000030576000
393000,0.000030998000
394000,0.000031006000
395000,0.000030801000
396000,0.000030841000
397000,0.000030487000
398000,0.000030523000
399000,0.000031150000
400000,0.000030785000
401000,0.000030808000
402000,0.000049922000
403000,0.000030027000
404000,0.000029624000
405000,0.000030260000
406000,0.000029855000
407000,0.000029653000
408000,0.000029700000
409000,0.000029669000
410000,0.000029854000
411000,0.000029904000
412000,0.000029777000
413000,0.000029643000
414000,0.000030030000
415000,0.000029824000
416000,0.000029708000
417000,0.000030129000
418000,0.000030093000
419000,0.000030119000
420000,0.000029692000
421000,0.000029983000
422000,0.000029702000
423000,0.000029727000
424000,0.000029807000
425000,0.000029963000
426000,0.000029692000
427000,0.000029927000
428000,0.000029666000
429000,0.000029700000
430000,0.000030023000
431000,0.000029900000
432000,0.000029766000
433000,0.000030175000
434000,0.000029662000
435000,0.000029840000
436000,0.000029695000
437000,0.000029715000
438000,0.000029736000
439000,0.000029716000
440000,0.000029654000
441000,0.000029777000
442000,0.000029929000
443000,0.000029851000
444000,0.000029655000
445000,0.000029703000
446000,0.000029877000
447000,0.000029690000
448000,0.000029710000
449000,0.000029693000
450000,0.000029810000
451000,0.000029691000
452000,0.000029870000
453000,0.000040743000
454000,0.000030609000
455000,0.000039053000
456000,0.000029712000
457000,0.000029827000
458000,0.000029728000
459000,0.000030131000
460000,0.000030173000
461000,0.000030003000
462000,0.000029909000
463000,0.000029682000
464000,0.000029774000
465000,0.000030206000
466000,0.000030212000
467000,0.000029889000
468000,0.000029820000
469000,0.000029803000
470000,0.000029631000
471000,0.000030039000
472000,0.000029964000
473000,0.000030241000
474000,0.000029650000
475000,0.000030111000
476000,0.000029820000
477000,0.000029657000
478000,0.000029934000
479000,0.000029711000
480000,0.000030084000
481000,0.000029623000
482000,0.000029894000
483000,0.000029950000
484000,0.000029806000
485000,0.000029678000
486000,0.000029732000
487000,0.000029660000
488000,0.000029697000
489000,0.000029837000
490000,0.000029673000
491000,0.000029672000
492000,0.000030115000
493000,0.000029779000
494000,0.000029720000
495000,0.000029659000
496000,0.000029741000
497000,0.000029640000
498000,0.000029675000
499000,0.000029909000
500000,0.000029791000
501000,0.000029750000
502000,0.000055138000
503000,0.000049359000
504000,0.000029770000
505000,0.000029677000
506000,0.000029696000
507000,0.000030194000
508000,0.000030130000
509000,0.000029818000
510000,0.000029752000
511000,0.000029833000
512000,0.000029673000
513000,0.000029734000
514000,0.000030253000
515000,0.000029756000
516000,0.000029981000
517000,0.000029697000
518000,0.000029806000
519000,0.000029677000
520000,0.000029663000
521000,0.000029784000
522000,0.000029695000
523000,0.000029620000
524000,0.000030276000
525000,0.000029841000
526000,0.000029739000
527000,0.000029817000
528000,0.000029828000
529000,0.000029806000
530000,0.000029730000
531000,0.000029782000
532000,0.000029779000
533000,0.000029845000
534000,0.000029770000
535000,0.000029706000
536000,0.000029715000
537000,0.000030190000
538000,0.000029974000
539000,0.000029644000
540000,0.000029722000
541000,0.000029710000
542000,0.000029656000
543000,0.000029676000
544000,0.000029874000
545000,0.000029930000
546000,0.000029704000
547000,0.000029703000
548000,0.000029636000
549000,0.000029650000
550000,0.000029698000
551000,0.000029874000
552000,0.000029657000
553000,0.000030077000
554000,0.000029858000
555000,0.000029961000
556000,0.000029961000
557000,0.000029962000
558000,0.000029715000
559000,0.000029687000
560000,0.000029733000
561000,0.000030087000
562000,0.000029628000
563000,0.000029696000
564000,0.000030185000
565000,0.000029906000
566000,0.000029685000
567000,0.000030152000
568000,0.000029713000
569000,0.000029781000
570000,0.000029969000
571000,0.000029962000
572000,0.000029659000
573000,0.000029689000
574000,0.000029653000
575000,0.000029665000
576000,0.000029657000
577000,0.000029699000
578000,0.000029697000
579000,0.000029676000
580000,0.000029878000
581000,0.000029679000
582000,0.000029714000
583000,0.000030138000
584000,0.000030234000
585000,0.000029713000
586000,0.000029730000
587000,0.000029854000
588000,0.000029690000
589000,0.000030023000
590000,0.000030047000
591000,0.000029605000
592000,0.000030205000
593000,0.000029696000
594000,0.000029728000
595000,0.000029677000
596000,0.000030686000
597000,0.000030627000
598000,0.000030700000
599000,0.000030694000
600000,0.000030746000
601000,0.000042813000
602000,0.000030161000
603000,0.000029875000
604000,0.000030084000
605000,0.000029667000
606000,0.000030019000
607000,0.000030042000
608000,0.000029699000
609000,0.000029778000
610000,0.000029651000
611000,0.000029900000
612000,0.000029675000
613000,0.000029639000
614000,0.000029668000
615000,0.000029654000
616000,0.000029810000
617000,0.000029792000
618000,0.000029690000
619000,0.000030119000
620000,0.000029945000
621000,0.000029892000
622000,0.000029703000
623000,0.000030059000
624000,0.000030462000
625000,0.000029768000
626000,0.000029822000
627000,0.000029693000
628000,0.000029856000
629000,0.000029675000
630000,0.000030071000
631000,0.000029919000
632000,0.000029625000
633000,0.000029661000
634000,0.000029701000
635000,0.000030030000
636000,0.000030092000
637000,0.000029650000
638000,0.000029818000
639000,0.000029843000
640000,0.000029657000
641000,0.000029804000
642000,0.000029703000
643000,0.000029669000
644000,0.000029989000
645000,0.000029841000
646000,0.000029680000
647000,0.000030070000
648000,0.000029992000
649000,0.000029715000
650000,0.000029964000
651000,0.000029731000
652000,0.000029736000
653000,0.000029643000
654000,0.000029735000
655000,0.000030152000
656000,0.000029956000
657000,0.000029809000
658000,0.000029677000
659000,0.000029697000
660000,0.000029758000
661000,0.000029706000
662000,0.000030010000
663000,0.000029723000
664000,0.000029607000
665000,0.000029718000
666000,0.000029686000
667000,0.000029717000
668000,0.000030124000
669000,0.000029785000
670000,0.000030140000
671000,0.000029712000
672000,0.000029807000
673000,0.000029960000
674000,0.000029670000
675000,0.000029641000
676000,0.000029739000
677000,0.000029667000
678000,0.000029655000
679000,0.000029743000
680000,0.000029880000
681000,0.000029678000
682000,0.000030069000
683000,0.000029710000
684000,0.000029628000
685000,0.000030124000
686000,0.000030203000
687000,0.000029994000
688000,0.000029972000
689000,0.000029688000
690000,0.000029691000
691000,0.000029760000
692000,0.000029709000
693000,0.000029762000
694000,0.000030203000
695000,0.000029699000
696000,0.000029965000
697000,0.000030257000
698000,0.000029748000
699000,0.000030086000
700000,0.000030379000
701000,0.000033066000
702000,0.000030136000
703000,0.000029631000
704000,0.000029778000
705000,0.000030101000
706000,0.000029817000
707000,0.000029678000
708000,0.000030088000
709000,0.000029723000
710000,0.000029789000
711000,0.000029841000
712000,0.000029683000
713000,0.000029629000
714000,0.000029641000
715000,0.000029824000
716000,0.000029708000
717000,0.000029759000
718000,0.000029770000
719000,0.000029681000
720000,0.000029743000
721000,0.000029693000
722000,0.000030151000
723000,0.000029830000
724000,0.000029863000
725000,0.000029718000
726000,0.000029712000
727000,0.000029724000
728000,0.000029691000
729000,0.000030140000
730000,0.000029897000
731000,0.000029946000
732000,0.000029745000
733000,0.000029635000
734000,0.000029977000
735000,0.000029738000
736000,0.000029925000
737000,0.000029807000
738000,0.000029693000
739000,0.000029756000
740000,0.000030097000
741000,0.000029734000
742000,0.000029675000
743000,0.000030049000
744000,0.000029824000
745000,0.000029652000
746000,0.000029892000
747000,0.000029742000
748000,0.000029749000
749000,0.000029803000
750000,0.000030051000
751000,0.000029659000
752000,0.000030231000
753000,0.000029678000
754000,0.000029772000
755000,0.000030047000
756000,0.000029911000
757000,0.000029821000
758000,0.000029704000
759000,0.000029886000
760000,0.000029752000
761000,0.000029699000
762000,0.000029812000
763000,0.000029721000
764000,0.000029689000
765000,0.000029781000
766000,0.000029906000
767000,0.000029709000
768000,0.000029666000
769000,0.000029673000
770000,0.000029845000
771000,0.000030034000
772000,0.000029728000
773000,0.000030024000
774000,0.000030088000
775000,0.000029704000
776000,0.000029644000
777000,0.000029684000
778000,0.000030101000
779000,0.000030143000
780000,0.000030155000
781000,0.000029757000
782000,0.000029733000
783000,0.000030077000
784000,0.000030180000
785000,0.000030296000
786000,0.000030060000
787000,0.000029649000
788000,0.000029627000
789000,0.000029670000
790000,0.000029696000
791000,0.000029712000
792000,0.000029710000
793000,0.000030059000
794000,0.000030131000
795000,0.000029867000
796000,0.000030099000
797000,0.000029720000
798000,0.000029711000
799000,0.000029696000
800000,0.000029706000
801000,0.000029633000
802000,0.000043817000
803000,0.000040134000
804000,0.000029756000
805000,0.000029970000
806000,0.000029737000
807000,0.000029684000
808000,0.000029630000
809000,0.000029650000
810000,0.000029727000
811000,0.000029638000
812000,0.000029770000
813000,0.000029945000
814000,0.000029833000
815000,0.000029710000
816000,0.000030065000
817000,0.000029732000
818000,0.000029685000
819000,0.000029743000
820000,0.000029684000
821000,0.000029736000
822000,0.000029678000
823000,0.000030110000
824000,0.000030039000
825000,0.000029759000
826000,0.000029719000
827000,0.000029805000
828000,0.000029708000
829000,0.000030039000
830000,0.000029850000
831000,0.000029776000
832000,0.000030035000
833000,0.000029791000
834000,0.000029687000
835000,0.000029799000
836000,0.000029714000
837000,0.000029648000
838000,0.000029765000
839000,0.000029760000
840000,0.000029654000
841000,0.000029921000
842000,0.000029641000
843000,0.000029736000
844000,0.000030049000
845000,0.000029869000
846000,0.000029630000
847000,0.000030267000
848000,0.000029815000
849000,0.000029629000
850000,0.000030130000
851000,0.000029689000
852000,0.000029791000
853000,0.000029713000
854000,0.000030219000
855000,0.000029733000
856000,0.000029943000
857000,0.000029865000
858000,0.000029844000
859000,0.000029913000
860000,0.000029877000
861000,0.000029698000
862000,0.000030099000
863000,0.000030148000
864000,0.000029643000
865000,0.000029672000
866000,0.000029727000
867000,0.000029701000
868000,0.000029907000
869000,0.000029710000
870000,0.000029713000
871000,0.000029937000
872000,0.000029864000
873000,0.000029687000
874000,0.000029694000
875000,0.000029693000
876000,0.000029737000
877000,0.000029742000
878000,0.000030049000
879000,0.000029762000
880000,0.000029712000
881000,0.000029691000
882000,0.000029711000
883000,0.000029645000
884000,0.000029701000
885000,0.000029681000
886000,0.000030274000
887000,0.000029677000
888000,0.000029546000
889000,0.000029755000
890000,0.000029724000
891000,0.000029666000
892000,0.000029678000
893000,0.000029671000
894000,0.000029939000
895000,0.000029765000
896000,0.000029640000
897000,0.000029833000
898000,0.000029767000
899000,0.000029643000
900000,0.000030059000
901000,0.000029758000
902000,0.000029732000
903000,0.000033074000
904000,0.000030112000
905000,0.000029803000
906000,0.000030234000
907000,0.000029695000
908000,0.000029680000
909000,0.000030132000
910000,0.000030149000
911000,0.000029751000
912000,0.000029917000
913000,0.000029666000
914000,0.000029694000
915000,0.000029710000
916000,0.000030054000
917000,0.000029731000
918000,0.000029847000
919000,0.000029921000
920000,0.000029669000
921000,0.000029660000
922000,0.000029655000
923000,0.000029688000
924000,0.000029681000
925000,0.000030065000
926000,0.000029887000
927000,0.000029882000
928000,0.000029647000
929000,0.000029666000
930000,0.000029698000
931000,0.000029673000
932000,0.000029681000
933000,0.000030197000
934000,0.000030059000
935000,0.000029841000
936000,0.000030085000
937000,0.000040745000
938000,0.000039577000
939000,0.000029945000
940000,0.000029881000
941000,0.000029642000
942000,0.000029716000
943000,0.000029663000
944000,0.000029784000
945000,0.000029831000
946000,0.000029718000
947000,0.000029888000
948000,0.000030006000
949000,0.000029611000
950000,0.000029698000
951000,0.000029833000
952000,0.000030136000
953000,0.000029983000
954000,0.000029768000
955000,0.000030041000
956000,0.000029801000
957000,0.000029612000
958000,0.000029933000
959000,0.000029659000
960000,0.000030081000
961000,0.000029711000
962000,0.000029715000
963000,0.000029795000
964000,0.000029665000
965000,0.000029934000
966000,0.000029671000
967000,0.000029942000
968000,0.000029838000
969000,0.000029730000
970000,0.000029672000
971000,0.000029709000
972000,0.000029698000
973000,0.000029692000
974000,0.000029897000
975000,0.000029670000
976000,0.000029758000
977000,0.000029658000
978000,0.000029964000
979000,0.000029813000
980000,0.000029661000
981000,0.000029962000
982000,0.000029748000
983000,0.000029762000
984000,0.000029654000
985000,0.000029718000
986000,0.000030099000
987000,0.000029643000
988000,0.000029829000
989000,0.000029718000
990000,0.000029733000
991000,0.000029726000
992000,0.000029731000
993000,0.000029688000
994000,0.000029995000
995000,0.000029760000
996000,0.000029973000
997000,0.000036292000
998000,0.000042613000
999000,0.000041341000
