0,0.000030189000
1000,0.000033505000
2000,0.000034147000
3000,0.000029938000
4000,0.000037891000
5000,0.000029554000
6000,0.000030652000
7000,0.000029819000
8000,0.000045829000
9000,0.000029700000
10000,0.000030273000
11000,0.000029739000
12000,0.000029899000
13000,0.000029877000
14000,0.000030654000
15000,0.000029137000
16000,0.000062114000
17000,0.000030288000
18000,0.000030371000
19000,0.000030606000
20000,0.000029787000
21000,0.000030360000
22000,0.000030093000
23000,0.000030604000
24000,0.000029298000
25000,0.000029780000
26000,0.000029905000
27000,0.000030050000
28000,0.000030441000
29000,0.000029596000
30000,0.000030589000
31000,0.000029529000
32000,0.000093703000
33000,0.000030018000
34000,0.000030165000
35000,0.000030140000
36000,0.000029551000
37000,0.000029481000
38000,0.000029955000
39000,0.000029875000
40000,0.000029965000
41000,0.000030811000
42000,0.000030493000
43000,0.000029700000
44000,0.000030033000
45000,0.000029560000
46000,0.000029665000
47000,0.000029672000
48000,0.000029579000
49000,0.000030156000
50000,0.000046542000
51000,0.000040378000
52000,0.000029623000
53000,0.000029557000
54000,0.000030742000
55000,0.000030089000
56000,0.000030560000
57000,0.000030479000
58000,0.000029806000
59000,0.000030440000
60000,0.000029611000
61000,0.000030292000
62000,0.000029405000
63000,0.000030321000
64000,0.000030309000
65000,0.000156020000
66000,0.000029470000
67000,0.000029727000
68000,0.000029965000
69000,0.000030479000
70000,0.000030226000
71000,0.000030441000
72000,0.000029670000
73000,0.000029667000
74000,0.000029744000
75000,0.000029899000
76000,0.000029842000
77000,0.000029971000
78000,0.000030544000
79000,0.000030940000
80000,0.000030373000
81000,0.000030840000
82000,0.000029597000
83000,0.000029572000
84000,0.000029711000
85000,0.000029773000
86000,0.000030215000
87000,0.000030381000
88000,0.000030364000
89000,0.000030281000
90000,0.000029798000
91000,0.000030260000
92000,0.000030292000
93000,0.000029470000
94000,0.000029742000
95000,0.000029115000
96000,0.000030349000
97000,0.000029893000
98000,0.000030206000
99000,0.000029151000
100000,0.000029430000
101000,0.000030167000
102000,0.000029801000
103000,0.000030368000
104000,0.000030506000
105000,0.000030259000
106000,0.000029842000
107000,0.000029811000
108000,0.000030574000
109000,0.000030195000
110000,0.000030561000
111000,0.000030267000
112000,0.000029966000
113000,0.000030116000
114000,0.000030168000
115000,0.000029201000
116000,0.000029571000
117000,0.000030325000
118000,0.000030640000
119000,0.000030585000
120000,0.000030489000
121000,0.000030776000
122000,0.000030232000
123000,0.000030497000
124000,0.000030487000
125000,0.000029825000
126000,0.000029907000
127000,0.000029993000
128000,0.000029895000
129000,0.000029672000
130000,0.000029995000
131000,0.000282018000
132000,0.000030176000
133000,0.000030140000
134000,0.000030200000
135000,0.000029958000
136000,0.000030374000
137000,0.000029936000
138000,0.000029666000
139000,0.000031291000
140000,0.000039900000
141000,0.000030352000
142000,0.000030764000
143000,0.000030880000
144000,0.000029746000
145000,0.000030267000
146000,0.000029766000
147000,0.000030797000
148000,0.000030581000
149000,0.000029960000
150000,0.000029994000
151000,0.000030935000
152000,0.000030397000
153000,0.000030229000
154000,0.000029378000
155000,0.000030019000
156000,0.000030761000
157000,0.000030295000
158000,0.000030156000
159000,0.000030023000
160000,0.000030060000
161000,0.000030240000
162000,0.000030131000
163000,0.000030216000
164000,0.000029761000
165000,0.000029750000
166000,0.000030215000
167000,0.000029766000
168000,0.000030467000
169000,0.000030437000
170000,0.000030017000
171000,0.000030463000
172000,0.000029391000
173000,0.000030239000
174000,0.000030708000
175000,0.000030714000
176000,0.000030140000
177000,0.000029582000
178000,0.000029989000
179000,0.000029842000
180000,0.000029921000
181000,0.000030402000
182000,0.000030259000
183000,0.000030365000
184000,0.000030133000
185000,0.000029969000
186000,0.000029963000
187000,0.000030867000
188000,0.000029498000
189000,0.000030846000
190000,0.000030308000
191000,0.000029193000
192000,0.000028983000
193000,0.000029835000
194000,0.000029866000
195000,0.000029812000
196000,0.000029610000
197000,0.000029593000
198000,0.000029652000
199000,0.000030298000
200000,0.000030178000
201000,0.000029475000
202000,0.000029890000
203000,0.000029522000
204000,0.000029954000
205000,0.000030065000
206000,0.000029160000
207000,0.000030216000
208000,0.000030048000
209000,0.000029404000
210000,0.000029659000
211000,0.000030095000
212000,0.000030638000
213000,0.000030061000
214000,0.000030861000
215000,0.000029351000
216000,0.000030013000
217000,0.000030001000
218000,0.000030086000
219000,0.000030558000
220000,0.000029620000
221000,0.000030318000
222000,0.000029559000
223000,0.000029979000
224000,0.000029993000
225000,0.000030311000
226000,0.000030375000
227000,0.000030097000
228000,0.000029971000
229000,0.000029922000
230000,0.000030233000
231000,0.000029898000
232000,0.000029900000
233000,0.000030236000
234000,0.000030389000
235000,0.000030166000
236000,0.000031220000
237000,0.000029525000
238000,0.000042705000
239000,0.000039354000
240000,0.000030033000
241000,0.000029733000
242000,0.000030776000
243000,0.000030181000
244000,0.000030192000
245000,0.000030611000
246000,0.000030328000
247000,0.000030082000
248000,0.000029882000
249000,0.000030020000
250000,0.000030880000
251000,0.000030444000
252000,0.000030568000
253000,0.000030422000
254000,0.000030541000
255000,0.000030434000
256000,0.000030131000
257000,0.000029929000
258000,0.000030424000
259000,0.000030027000
260000,0.000030098000
261000,0.000030585000
262000,0.000537098000
263000,0.000030642000
264000,0.000030314000
265000,0.000030113000
266000,0.000029966000
267000,0.000029464000
268000,0.000040973000
269000,0.000031025000
270000,0.000039376000
271000,0.000029863000
272000,0.000030818000
273000,0.000030027000
274000,0.000030311000
275000,0.000030267000
276000,0.000029758000
277000,0.000030376000
278000,0.000030641000
279000,0.000030379000
280000,0.000030179000
281000,0.000029825000
282000,0.000029903000
283000,0.000029987000
284000,0.000029994000
285000,0.000030256000
286000,0.000029395000
287000,0.000030108000
288000,0.000029987000
289000,0.000030109000
290000,0.000029809000
291000,0.000030115000
292000,0.000029453000
293000,0.000029608000
294000,0.000030528000
295000,0.000029744000
296000,0.000029683000
297000,0.000030533000
298000,0.000030019000
299000,0.000030500000
300000,0.000030231000
301000,0.000029740000
302000,0.000030376000
303000,0.000030211000
304000,0.000029611000
305000,0.000029737000
306000,0.000029878000
307000,0.000029202000
308000,0.000030100000
309000,0.000029631000
310000,0.000030623000
311000,0.000030043000
312000,0.000029972000
313000,0.000030626000
314000,0.000029810000
315000,0.000030613000
316000,0.000029846000
317000,0.000030510000
318000,0.000030322000
319000,0.000030103000
320000,0.000029565000
321000,0.000029797000
322000,0.000050199000
323000,0.000039962000
324000,0.000030344000
325000,0.000029387000
326000,0.000030073000
327000,0.000030130000
328000,0.000030649000
329000,0.000030743000
330000,0.000030388000
331000,0.000030840000
332000,0.000031338000
333000,0.000029514000
334000,0.000030297000
335000,0.000030180000
336000,0.000029260000
337000,0.000029001000
338000,0.000029669000
339000,0.000030221000
340000,0.000030546000
341000,0.000029932000
342000,0.000030554000
343000,0.000029587000
344000,0.000029711000
345000,0.000029737000
346000,0.000030050000
347000,0.000029747000
348000,0.000030685000
349000,0.000030600000
350000,0.000030846000
351000,0.000030620000
352000,0.000030126000
353000,0.000029790000
354000,0.000030430000
355000,0.000030286000
356000,0.000030737000
357000,0.000029274000
358000,0.000029690000
359000,0.000030413000
360000,0.000029559000
361000,0.000029387000
362000,0.000030478000
363000,0.000029429000
364000,0.000029824000
365000,0.000030032000
366000,0.000030414000
367000,0.000029860000
368000,0.000030345000
369000,0.000030152000
370000,0.000029369000
371000,0.000030691000
372000,0.000030140000
373000,0.000030272000
374000,0.000030804000
375000,0.000030069000
376000,0.000029857000
377000,0.000029650000
378000,0.000030139000
379000,0.000030584000
380000,0.000029785000
381000,0.000029622000
382000,0.000029332000
383000,0.000030028000
384000,0.000029991000
385000,0.000029893000
386000,0.000029245000
387000,0.000030635000
388000,0.000029982000
389000,0.000029481000
390000,0.000029520000
391000,0.000030029000
392000,0.000030059000
393000,0.000029761000
394000,0.000029936000
395000,0.000030167000
396000,0.000030093000
397000,0.000030034000
398000,0.000030258000
399000,0.000029478000
400000,0.000029725000
401000,0.000029238000
402000,0.000030030000
403000,0.000030024000
404000,0.000029627000
405000,0.000030526000
406000,0.000029983000
407000,0.000031056000
408000,0.000029997000
409000,0.000029846000
410000,0.000030146000
411000,0.000029940000
412000,0.000029378000
413000,0.000029974000
414000,0.000029799000
415000,0.000029914000
416000,0.000030291000
417000,0.000029355000
418000,0.000030303000
419000,0.000030026000
420000,0.000030631000
421000,0.000029095000
422000,0.000033447000
423000,0.000030435000
424000,0.000029915000
425000,0.000030058000
426000,0.000030099000
427000,0.000030158000
428000,0.000029871000
429000,0.000029803000
430000,0.000029825000
431000,0.000029438000
432000,0.000030201000
433000,0.000029011000
434000,0.000029907000
435000,0.000029598000
436000,0.000030621000
437000,0.000030503000
438000,0.000030031000
439000,0.000030466000
440000,0.000030205000
441000,0.000030772000
442000,0.000029581000
443000,0.000030220000
444000,0.000029185000
445000,0.000030631000
446000,0.000030604000
447000,0.000029721000
448000,0.000030670000
449000,0.000031141000
450000,0.000030660000
451000,0.000029912000
452000,0.000030298000
453000,0.000030400000
454000,0.000029641000
455000,0.000030126000
456000,0.000029777000
457000,0.000030495000
458000,0.000030723000
459000,0.000031011000
460000,0.000030530000
461000,0.000030206000
462000,0.000030322000
463000,0.000030798000
464000,0.000029949000
465000,0.000030672000
466000,0.000030225000
467000,0.000030168000
468000,0.000030128000
469000,0.000030601000
470000,0.000029994000
471000,0.000030017000
472000,0.000029704000
473000,0.000030609000
474000,0.000029989000
475000,0.000029666000
476000,0.000030526000
477000,0.000030732000
478000,0.000030821000
479000,0.000029788000
480000,0.000029884000
481000,0.000030800000
482000,0.000030103000
483000,0.000030066000
484000,0.000030144000
485000,0.000029461000
486000,0.000030258000
487000,0.000029897000
488000,0.000030081000
489000,0.000029737000
490000,0.000030810000
491000,0.000029834000
492000,0.000029845000
493000,0.000030725000
494000,0.000030687000
495000,0.000030324000
496000,0.000029874000
497000,0.000029832000
498000,0.000030369000
499000,0.000030584000
500000,0.000030445000
501000,0.000029118000
502000,0.000029906000
503000,0.000029897000
504000,0.000029614000
505000,0.000030375000
506000,0.000030497000
507000,0.000030923000
508000,0.000030143000
509000,0.000030744000
510000,0.000030452000
511000,0.000030643000
512000,0.000029963000
513000,0.000029619000
514000,0.000029531000
515000,0.000030208000
516000,0.000030305000
517000,0.000030542000
518000,0.000030091000
519000,0.000030312000
520000,0.000030060000
521000,0.000029383000
522000,0.000029760000
523000,0.000052984000
524000,0.001049944000
525000,0.000030606000
526000,0.000030584000
527000,0.000030046000
528000,0.000029901000
529000,0.000029996000
530000,0.000029657000
531000,0.000030148000
532000,0.000028962000
533000,0.000030920000
534000,0.000030768000
535000,0.000029292000
536000,0.000029808000
537000,0.000029800000
538000,0.000029262000
539000,0.000030031000
540000,0.000030437000
541000,0.000030035000
542000,0.000028877000
543000,0.000029555000
544000,0.000030921000
545000,0.000030433000
546000,0.000030129000
547000,0.000029860000
548000,0.000029851000
549000,0.000029344000
550000,0.000030489000
551000,0.000030218000
552000,0.000029851000
553000,0.000029963000
554000,0.000029981000
555000,0.000029993000
556000,0.000030103000
557000,0.000030161000
558000,0.000030852000
559000,0.000029816000
560000,0.000030658000
561000,0.000029715000
562000,0.000029676000
563000,0.000030366000
564000,0.000030399000
565000,0.000029813000
566000,0.000030177000
567000,0.000030640000
568000,0.000030087000
569000,0.000030600000
570000,0.000030278000
571000,0.000030125000
572000,0.000030640000
573000,0.000030256000
574000,0.000029813000
575000,0.000040691000
576000,0.000040238000
577000,0.000030577000
578000,0.000029978000
579000,0.000029813000
580000,0.000030010000
581000,0.000030336000
582000,0.000030048000
583000,0.000030046000
584000,0.000029245000
585000,0.000029855000
586000,0.000030448000
587000,0.000029819000
588000,0.000029924000
589000,0.000029180000
590000,0.000030874000
591000,0.000044789000
592000,0.000040250000
593000,0.000031790000
594000,0.000031561000
595000,0.000030930000
596000,0.000030494000
597000,0.000030861000
598000,0.000030970000
599000,0.000030658000
600000,0.000030132000
601000,0.000030430000
602000,0.000030511000
603000,0.000029851000
604000,0.000030427000
605000,0.000030132000
606000,0.000030795000
607000,0.000030173000
608000,0.000030194000
609000,0.000030926000
610000,0.000030374000
611000,0.000029695000
612000,0.000030227000
613000,0.000030559000
614000,0.000030145000
615000,0.000030654000
616000,0.000029127000
617000,0.000029870000
618000,0.000030389000
619000,0.000030350000
620000,0.000029423000
621000,0.000029259000
622000,0.000029473000
623000,0.000029982000
624000,0.000029842000
625000,0.000029767000
626000,0.000030041000
627000,0.000029721000
628000,0.000030309000
629000,0.000030431000
630000,0.000029575000
631000,0.000030136000
632000,0.000029265000
633000,0.000030611000
634000,0.000030029000
635000,0.000030723000
636000,0.000029861000
637000,0.000030120000
638000,0.000029815000
639000,0.000030090000
640000,0.000030362000
641000,0.000030509000
642000,0.000029980000
643000,0.000030961000
644000,0.000029911000
645000,0.000030256000
646000,0.000030279000
647000,0.000029968000
648000,0.000030141000
649000,0.000030360000
650000,0.000029655000
651000,0.000030551000
652000,0.000029786000
653000,0.000030228000
654000,0.000029584000
655000,0.000029311000
656000,0.000029412000
657000,0.000029843000
658000,0.000030196000
659000,0.000029463000
660000,0.000030649000
661000,0.000030862000
662000,0.000030188000
663000,0.000030078000
664000,0.000030145000
665000,0.000029880000
666000,0.000029960000
667000,0.000030063000
668000,0.000030189000
669000,0.000029697000
670000,0.000030312000
671000,0.000030341000
672000,0.000030867000
673000,0.000030351000
674000,0.000030730000
675000,0.000030540000
676000,0.000030726000
677000,0.000030557000
678000,0.000030391000
679000,0.000030271000
680000,0.000029985000
681000,0.000029991000
682000,0.000030775000
683000,0.000029920000
684000,0.000029987000
685000,0.000030981000
686000,0.000029941000
687000,0.000030166000
688000,0.000030503000
689000,0.000030312000
690000,0.000029875000
691000,0.000033052000
692000,0.000030253000
693000,0.000031454000
694000,0.000030204000
695000,0.000030253000
696000,0.000030640000
697000,0.000030506000
698000,0.000031209000
699000,0.000030557000
700000,0.000030839000
701000,0.000030049000
702000,0.000030086000
703000,0.000029922000
704000,0.000030038000
705000,0.000029927000
706000,0.000030418000
707000,0.000030035000
708000,0.000029752000
709000,0.000030702000
710000,0.000029897000
711000,0.000030628000
712000,0.000029937000
713000,0.000030461000
714000,0.000040815000
715000,0.000031432000
716000,0.000030939000
717000,0.000031749000
718000,0.000031236000
719000,0.000042154000
720000,0.000041677000
721000,0.000041181000
722000,0.000040656000
723000,0.000041812000
724000,0.000040639000
725000,0.000041721000
726000,0.000031493000
727000,0.000030873000
728000,0.000031660000
729000,0.000031313000
730000,0.000031821000
731000,0.000030885000
732000,0.000031673000
733000,0.000031714000
734000,0.000031330000
735000,0.000030854000
736000,0.000032132000
737000,0.000031293000
738000,0.000031951000
739000,0.000031694000
740000,0.000031675000
741000,0.000030987000
742000,0.000031114000
743000,0.000031629000
744000,0.000031603000
745000,0.000031385000
746000,0.000031541000
747000,0.000031832000
748000,0.000031059000
749000,0.000031195000
750000,0.000031439000
751000,0.000031942000
752000,0.000032780000
753000,0.000031529000
754000,0.000031357000
755000,0.000030486000
756000,0.000031446000
757000,0.000031474000
758000,0.000031192000
759000,0.000031532000
760000,0.000031034000
761000,0.000031498000
762000,0.000031674000
763000,0.000031475000
764000,0.000031471000
765000,0.000031581000
766000,0.000031509000
767000,0.000030832000
768000,0.000032145000
769000,0.000030911000
770000,0.000030946000
771000,0.000030983000
772000,0.000031076000
773000,0.000030306000
774000,0.000030908000
775000,0.000031323000
776000,0.000031339000
777000,0.000031490000
778000,0.000030788000
779000,0.000031459000
780000,0.000031029000
781000,0.000031711000
782000,0.000031099000
783000,0.000031087000
784000,0.000030849000
785000,0.000034788000
786000,0.000032036000
787000,0.000031527000
788000,0.000031216000
789000,0.000031802000
790000,0.000031047000
791000,0.000030936000
792000,0.000030755000
793000,0.000030787000
794000,0.000031538000
795000,0.000031309000
796000,0.000031284000
797000,0.000031357000
798000,0.000031082000
799000,0.000031189000
800000,0.000031607000
801000,0.000030820000
802000,0.000030940000
803000,0.000030731000
804000,0.000031339000
805000,0.000031164000
806000,0.000031654000
807000,0.000031695000
808000,0.000031816000
809000,0.000031072000
810000,0.000031653000
811000,0.000031510000
812000,0.000031149000
813000,0.000031495000
814000,0.000030609000
815000,0.000030528000
816000,0.000031006000
817000,0.000031911000
818000,0.000031261000
819000,0.000031244000
820000,0.000031488000
821000,0.000031642000
822000,0.000031598000
823000,0.000030943000
824000,0.000031008000
825000,0.000030619000
826000,0.000031513000
827000,0.000032124000
828000,0.000029910000
829000,0.000031409000
830000,0.000031268000
831000,0.000031182000
832000,0.000030886000
833000,0.000031611000
834000,0.000031260000
835000,0.000031676000
836000,0.000031114000
837000,0.000031300000
838000,0.000031669000
839000,0.000031917000
840000,0.000030235000
841000,0.000031143000
842000,0.000031210000
843000,0.000031793000
844000,0.000031403000
845000,0.000031057000
846000,0.000031015000
847000,0.000030823000
848000,0.000031506000
849000,0.000031392000
850000,0.000030885000
851000,0.000030720000
852000,0.000031877000
853000,0.000030952000
854000,0.000031333000
855000,0.000030399000
856000,0.000030376000
857000,0.000031411000
858000,0.000030155000
859000,0.000031145000
860000,0.000031594000
861000,0.000031394000
862000,0.000030547000
863000,0.000031419000
864000,0.000031067000
865000,0.000030676000
866000,0.000030544000
867000,0.000031205000
868000,0.000031245000
869000,0.000031385000
870000,0.000031012000
871000,0.000030970000
872000,0.000031147000
873000,0.000030923000
874000,0.000030942000
875000,0.000030907000
876000,0.000031484000
877000,0.000031337000
878000,0.000031852000
879000,0.000030666000
880000,0.000031430000
881000,0.000031008000
882000,0.000033231000
883000,0.000031827000
884000,0.000031962000
885000,0.000031508000
886000,0.000031428000
887000,0.000032206000
888000,0.000031499000
889000,0.000031201000
890000,0.000031100000
891000,0.000031744000
892000,0.000030788000
893000,0.000031520000
894000,0.000031230000
895000,0.000030220000
896000,0.000031103000
897000,0.000031150000
898000,0.000030278000
899000,0.000031821000
900000,0.000031354000
901000,0.000031944000
902000,0.000032707000
903000,0.000031315000
904000,0.000031350000
905000,0.000031446000
906000,0.000031081000
907000,0.000030910000
908000,0.000031129000
909000,0.000030534000
910000,0.000031602000
911000,0.000030902000
912000,0.000030682000
913000,0.000031561000
914000,0.000032133000
915000,0.000031065000
916000,0.000031847000
917000,0.000031440000
918000,0.000031865000
919000,0.000031046000
920000,0.000031352000
921000,0.000031666000
922000,0.000030565000
923000,0.000031164000
924000,0.000031140000
925000,0.000031080000
926000,0.000031051000
927000,0.000031020000
928000,0.000031126000
929000,0.000031023000
930000,0.000031724000
931000,0.000031401000
932000,0.000031054000
933000,0.000031341000
934000,0.000032169000
935000,0.000031434000
936000,0.000032697000
937000,0.000030732000
938000,0.000033098000
939000,0.000031709000
940000,0.000031208000
941000,0.000031082000
942000,0.000030979000
943000,0.000030440000
944000,0.000031620000
945000,0.000030875000
946000,0.000031586000
947000,0.000031178000
948000,0.000030827000
949000,0.000031123000
950000,0.000031758000
951000,0.000031011000
952000,0.000031848000
953000,0.000031118000
954000,0.000031178000
955000,0.000031263000
956000,0.000031961000
957000,0.000031370000
958000,0.000030166000
959000,0.000031322000
960000,0.000031163000
961000,0.000032025000
962000,0.000030925000
963000,0.000032119000
964000,0.000031634000
965000,0.000030979000
966000,0.000031025000
967000,0.000032158000
968000,0.000030964000
969000,0.000031625000
970000,0.000031102000
971000,0.000032153000
972000,0.000031604000
973000,0.000031712000
974000,0.000031300000
975000,0.000031640000
976000,0.000031476000
977000,0.000030755000
978000,0.000030764000
979000,0.000035175000
980000,0.000032313000
981000,0.000031265000
982000,0.000031176000
983000,0.000031165000
984000,0.000031673000
985000,0.000030993000
986000,0.000031606000
987000,0.000031273000
988000,0.000030760000
989000,0.000031521000
990000,0.000031702000
991000,0.000030953000
992000,0.000030277000
993000,0.000031064000
994000,0.000031478000
995000,0.000031453000
996000,0.000030238000
997000,0.000030738000
998000,0.000030499000
999000,0.000030826000
