0,0.000006040000
1000,0.000008212000
2000,0.000010203000
3000,0.000005953000
4000,0.000013934000
5000,0.000005852000
6000,0.000006073000
7000,0.000005971000
8000,0.000022031000
9000,0.000006104000
10000,0.000005929000
11000,0.000006024000
12000,0.000006121000
13000,0.000006053000
14000,0.000005937000
15000,0.000005932000
16000,0.000037552000
17000,0.000005941000
18000,0.000005928000
19000,0.000006103000
20000,0.000005927000
21000,0.000006018000
22000,0.000005944000
23000,0.000006006000
24000,0.000005921000
25000,0.000005876000
26000,0.000005984000
27000,0.000005895000
28000,0.000006033000
29000,0.000005973000
30000,0.000006060000
31000,0.000005950000
32000,0.000069211000
33000,0.000005910000
34000,0.000005996000
35000,0.000006173000
36000,0.000005974000
37000,0.000006097000
38000,0.000006104000
39000,0.000006224000
40000,0.000005979000
41000,0.000006062000
42000,0.000005958000
43000,0.000006135000
44000,0.000006060000
45000,0.000005993000
46000,0.000006103000
47000,0.000006112000
48000,0.000006017000
49000,0.000005965000
50000,0.000005906000
51000,0.000005911000
52000,0.000006108000
53000,0.000011357000
54000,0.000006225000
55000,0.000006236000
56000,0.000006007000
57000,0.000005949000
58000,0.000006022000
59000,0.000006032000
60000,0.000005959000
61000,0.000006047000
62000,0.000006077000
63000,0.000006035000
64000,0.000005934000
65000,0.000132622000
66000,0.000005868000
67000,0.000005931000
68000,0.000005977000
69000,0.000006056000
70000,0.000006048000
71000,0.000006035000
72000,0.000006035000
73000,0.000005971000
74000,0.000005947000
75000,0.000005918000
76000,0.000006067000
77000,0.000006048000
78000,0.000005977000
79000,0.000005956000
80000,0.000005950000
81000,0.000005944000
82000,0.000005923000
83000,0.000006132000
84000,0.000005884000
85000,0.000006037000
86000,0.000005982000
87000,0.000005979000
88000,0.000005906000
89000,0.000005950000
90000,0.000005887000
91000,0.000005948000
92000,0.000005919000
93000,0.000005946000
94000,0.000005932000
95000,0.000005967000
96000,0.000006135000
97000,0.000006016000
98000,0.000005922000
99000,0.000005999000
100000,0.000005881000
101000,0.000005997000
102000,0.000006018000
103000,0.000005961000
104000,0.000005876000
105000,0.000006026000
106000,0.000006115000
107000,0.000006017000
108000,0.000006173000
109000,0.000006061000
110000,0.000005988000
111000,0.000005989000
112000,0.000006099000
113000,0.000005967000
114000,0.000005882000
115000,0.000005922000
116000,0.000006027000
117000,0.000005961000
118000,0.000006173000
119000,0.000005921000
120000,0.000005921000
121000,0.000005960000
122000,0.000005933000
123000,0.000006067000
124000,0.000005972000
125000,0.000005979000
126000,0.000006007000
127000,0.000005864000
128000,0.000005897000
129000,0.000006056000
130000,0.000005977000
131000,0.000260378000
132000,0.000006055000
133000,0.000005961000
134000,0.000005982000
135000,0.000006057000
136000,0.000006020000
137000,0.000006180000
138000,0.000006053000
139000,0.000006032000
140000,0.000005909000
141000,0.000006168000
142000,0.000005981000
143000,0.000006399000
144000,0.000005990000
145000,0.000005983000
146000,0.000005977000
147000,0.000005966000
148000,0.000005895000
149000,0.000005941000
150000,0.000005985000
151000,0.000005993000
152000,0.000005908000
153000,0.000005962000
154000,0.000006295000
155000,0.000006009000
156000,0.000005967000
157000,0.000005976000
158000,0.000005927000
159000,0.000006036000
160000,0.000005885000
161000,0.000006040000
162000,0.000005892000
163000,0.000005977000
164000,0.000005931000
165000,0.000006064000
166000,0.000006080000
167000,0.000006000000
168000,0.000006095000
169000,0.000006011000
170000,0.000005883000
171000,0.000006099000
172000,0.000006071000
173000,0.000006040000
174000,0.000005955000
175000,0.000005927000
176000,0.000006024000
177000,0.000005970000
178000,0.000005929000
179000,0.000006041000
180000,0.000005918000
181000,0.000005939000
182000,0.000006026000
183000,0.000006105000
184000,0.000006031000
185000,0.000006045000
186000,0.000006009000
187000,0.000006050000
188000,0.000005854000
189000,0.000005947000
190000,0.000006163000
191000,0.000006020000
192000,0.000006084000
193000,0.000006021000
194000,0.000006094000
195000,0.000005937000
196000,0.000006017000
197000,0.000006069000
198000,0.000005965000
199000,0.000006106000
200000,0.000006001000
201000,0.000006097000
202000,0.000005939000
203000,0.000006039000
204000,0.000006026000
205000,0.000006060000
206000,0.000005989000
207000,0.000006003000
208000,0.000006008000
209000,0.000005983000
210000,0.000006065000
211000,0.000006020000
212000,0.000005969000
213000,0.000005998000
214000,0.000005933000
215000,0.000006004000
216000,0.000006040000
217000,0.000005950000
218000,0.000006061000
219000,0.000005896000
220000,0.000006066000
221000,0.000005946000
222000,0.000005944000
223000,0.000005981000
224000,0.000005927000
225000,0.000006052000
226000,0.000006079000
227000,0.000005945000
228000,0.000005921000
229000,0.000005972000
230000,0.000005972000
231000,0.000005957000
232000,0.000006049000
233000,0.000006000000
234000,0.000005959000
235000,0.000006198000
236000,0.000006105000
237000,0.000005897000
238000,0.000005954000
239000,0.000005881000
240000,0.000005974000
241000,0.000005935000
242000,0.000005945000
243000,0.000005933000
244000,0.000006161000
245000,0.000006038000
246000,0.000006068000
247000,0.000005918000
248000,0.000006041000
249000,0.000005919000
250000,0.000006082000
251000,0.000005920000
252000,0.000005980000
253000,0.000006260000
254000,0.000005980000
255000,0.000005959000
256000,0.000006034000
257000,0.000005994000
258000,0.000006006000
259000,0.000005903000
260000,0.000005943000
261000,0.000005889000
262000,0.000515651000
263000,0.000006116000
264000,0.000006148000
265000,0.000005969000
266000,0.000006200000
267000,0.000005998000
268000,0.000006122000
269000,0.000006033000
270000,0.000006019000
271000,0.000005919000
272000,0.000006145000
273000,0.000005913000
274000,0.000005984000
275000,0.000006147000
276000,0.000006006000
277000,0.000006120000
278000,0.000006064000
279000,0.000005929000
280000,0.000006033000
281000,0.000005931000
282000,0.000005956000
283000,0.000005868000
284000,0.000006011000
285000,0.000006087000
286000,0.000006035000
287000,0.000006022000
288000,0.000006024000
289000,0.000006066000
290000,0.000005956000
291000,0.000005925000
292000,0.000005919000
293000,0.000006005000
294000,0.000005973000
295000,0.000006012000
296000,0.000005921000
297000,0.000006019000
298000,0.000006044000
299000,0.000005981000
300000,0.000006053000
301000,0.000005998000
302000,0.000006060000
303000,0.000005917000
304000,0.000006042000
305000,0.000005873000
306000,0.000006298000
307000,0.000006072000
308000,0.000006209000
309000,0.000006223000
310000,0.000006247000
311000,0.000006221000
312000,0.000015039000
313000,0.000006023000
314000,0.000005893000
315000,0.000005986000
316000,0.000005923000
317000,0.000005920000
318000,0.000006001000
319000,0.000005902000
320000,0.000005981000
321000,0.000020907000
322000,0.000006383000
323000,0.000006299000
324000,0.000006171000
325000,0.000005980000
326000,0.000006191000
327000,0.000006092000
328000,0.000005916000
329000,0.000006022000
330000,0.000005926000
331000,0.000006063000
332000,0.000006008000
333000,0.000005941000
334000,0.000006016000
335000,0.000006010000
336000,0.000005963000
337000,0.000006013000
338000,0.000005963000
339000,0.000006033000
340000,0.000005927000
341000,0.000005940000
342000,0.000005989000
343000,0.000006020000
344000,0.000006016000
345000,0.000006136000
346000,0.000006043000
347000,0.000006044000
348000,0.000006008000
349000,0.000006016000
350000,0.000006001000
351000,0.000006000000
352000,0.000005991000
353000,0.000005973000
354000,0.000005901000
355000,0.000006000000
356000,0.000006037000
357000,0.000005969000
358000,0.000006006000
359000,0.000006027000
360000,0.000006032000
361000,0.000006029000
362000,0.000005998000
363000,0.000006000000
364000,0.000005985000
365000,0.000005929000
366000,0.000005969000
367000,0.000006163000
368000,0.000006080000
369000,0.000006108000
370000,0.000006047000
371000,0.000006138000
372000,0.000006064000
373000,0.000006277000
374000,0.000006140000
375000,0.000005932000
376000,0.000006122000
377000,0.000006012000
378000,0.000006044000
379000,0.000006180000
380000,0.000005895000
381000,0.000006392000
382000,0.000005913000
383000,0.000006156000
384000,0.000006057000
385000,0.000005987000
386000,0.000006111000
387000,0.000006000000
388000,0.000005978000
389000,0.000005978000
390000,0.000005944000
391000,0.000006008000
392000,0.000006027000
393000,0.000006142000
394000,0.000006136000
395000,0.000005908000
396000,0.000005972000
397000,0.000006115000
398000,0.000005959000
399000,0.000006103000
400000,0.000006001000
401000,0.000005944000
402000,0.000005942000
403000,0.000005942000
404000,0.000005924000
405000,0.000005978000
406000,0.000006102000
407000,0.000006188000
408000,0.000006031000
409000,0.000006017000
410000,0.000005954000
411000,0.000006010000
412000,0.000006026000
413000,0.000005999000
414000,0.000005953000
415000,0.000005946000
416000,0.000006001000
417000,0.000005935000
418000,0.000005883000
419000,0.000006001000
420000,0.000006122000
421000,0.000006054000
422000,0.000006044000
423000,0.000006066000
424000,0.000005979000
425000,0.000005859000
426000,0.000005974000
427000,0.000005922000
428000,0.000005961000
429000,0.000005917000
430000,0.000005962000
431000,0.000005938000
432000,0.000006014000
433000,0.000006062000
434000,0.000005924000
435000,0.000006055000
436000,0.000005935000
437000,0.000005921000
438000,0.000006012000
439000,0.000005985000
440000,0.000006056000
441000,0.000006087000
442000,0.000005941000
443000,0.000005916000
444000,0.000005929000
445000,0.000005940000
446000,0.000006013000
447000,0.000005943000
448000,0.000005929000
449000,0.000006219000
450000,0.000005970000
451000,0.000006130000
452000,0.000006056000
453000,0.000005930000
454000,0.000006062000
455000,0.000006002000
456000,0.000006015000
457000,0.000005918000
458000,0.000006300000
459000,0.000006009000
460000,0.000005956000
461000,0.000005882000
462000,0.000006022000
463000,0.000006019000
464000,0.000006147000
465000,0.000006057000
466000,0.000006014000
467000,0.000006030000
468000,0.000005995000
469000,0.000006191000
470000,0.000006008000
471000,0.000006010000
472000,0.000006004000
473000,0.000006102000
474000,0.000005970000
475000,0.000006114000
476000,0.000006015000
477000,0.000005981000
478000,0.000005940000
479000,0.000006054000
480000,0.000005984000
481000,0.000005960000
482000,0.000006030000
483000,0.000005895000
484000,0.000006030000
485000,0.000005958000
486000,0.000005940000
487000,0.000006006000
488000,0.000006000000
489000,0.000005992000
490000,0.000006016000
491000,0.000005951000
492000,0.000006061000
493000,0.000006083000
494000,0.000006062000
495000,0.000006055000
496000,0.000006104000
497000,0.000005986000
498000,0.000006002000
499000,0.000005998000
500000,0.000005992000
501000,0.000006016000
502000,0.000006019000
503000,0.000006067000
504000,0.000006245000
505000,0.000005896000
506000,0.000005985000
507000,0.000006014000
508000,0.000005917000
509000,0.000006009000
510000,0.000006042000
511000,0.000005877000
512000,0.000005996000
513000,0.000005987000
514000,0.000005942000
515000,0.000006126000
516000,0.000006063000
517000,0.000005977000
518000,0.000005871000
519000,0.000006023000
520000,0.000006019000
521000,0.000006070000
522000,0.000005966000
523000,0.000005947000
524000,0.001028876000
525000,0.000006099000
526000,0.000005968000
527000,0.000005984000
528000,0.000005979000
529000,0.000006039000
530000,0.000006035000
531000,0.000005944000
532000,0.000005999000
533000,0.000006056000
534000,0.000006072000
535000,0.000005977000
536000,0.000005947000
537000,0.000005908000
538000,0.000005975000
539000,0.000005982000
540000,0.000006089000
541000,0.000006030000
542000,0.000005940000
543000,0.000005985000
544000,0.000006081000
545000,0.000005999000
546000,0.000005911000
547000,0.000006215000
548000,0.000006078000
549000,0.000005981000
550000,0.000006039000
551000,0.000006036000
552000,0.000005941000
553000,0.000005963000
554000,0.000005986000
555000,0.000006143000
556000,0.000006030000
557000,0.000005965000
558000,0.000005995000
559000,0.000006018000
560000,0.000005884000
561000,0.000006062000
562000,0.000005887000
563000,0.000005943000
564000,0.000006028000
565000,0.000005984000
566000,0.000005981000
567000,0.000006176000
568000,0.000006117000
569000,0.000006082000
570000,0.000006012000
571000,0.000006097000
572000,0.000006182000
573000,0.000005881000
574000,0.000006015000
575000,0.000006051000
576000,0.000006211000
577000,0.000005948000
578000,0.000006177000
579000,0.000005950000
580000,0.000006056000
581000,0.000005918000
582000,0.000005940000
583000,0.000005984000
584000,0.000006012000
585000,0.000005931000
586000,0.000006013000
587000,0.000006248000
588000,0.000005945000
589000,0.000005938000
590000,0.000006030000
591000,0.000005894000
592000,0.000005908000
593000,0.000005943000
594000,0.000006017000
595000,0.000005874000
596000,0.000005958000
597000,0.000005996000
598000,0.000005886000
599000,0.000005950000
600000,0.000006040000
601000,0.000006044000
602000,0.000005958000
603000,0.000006096000
604000,0.000005949000
605000,0.000005950000
606000,0.000005986000
607000,0.000005998000
608000,0.000006007000
609000,0.000006078000
610000,0.000006017000
611000,0.000006003000
612000,0.000005938000
613000,0.000006020000
614000,0.000005886000
615000,0.000005949000
616000,0.000005985000
617000,0.000006073000
618000,0.000005920000
619000,0.000006047000
620000,0.000005962000
621000,0.000005999000
622000,0.000005949000
623000,0.000005962000
624000,0.000005978000
625000,0.000005884000
626000,0.000005885000
627000,0.000005988000
628000,0.000006168000
629000,0.000006096000
630000,0.000006060000
631000,0.000005988000
632000,0.000005939000
633000,0.000006004000
634000,0.000005993000
635000,0.000006033000
636000,0.000005918000
637000,0.000005952000
638000,0.000005999000
639000,0.000005962000
640000,0.000005982000
641000,0.000005939000
642000,0.000006022000
643000,0.000005960000
644000,0.000005966000
645000,0.000005951000
646000,0.000006002000
647000,0.000005981000
648000,0.000006003000
649000,0.000005963000
650000,0.000005920000
651000,0.000006026000
652000,0.000005979000
653000,0.000005944000
654000,0.000006050000
655000,0.000005942000
656000,0.000005967000
657000,0.000006006000
658000,0.000005929000
659000,0.000006001000
660000,0.000005952000
661000,0.000005966000
662000,0.000006126000
663000,0.000006043000
664000,0.000005986000
665000,0.000005948000
666000,0.000005963000
667000,0.000006071000
668000,0.000005959000
669000,0.000006096000
670000,0.000005900000
671000,0.000005987000
672000,0.000005859000
673000,0.000005896000
674000,0.000005964000
675000,0.000006078000
676000,0.000006140000
677000,0.000005920000
678000,0.000006042000
679000,0.000006000000
680000,0.000005895000
681000,0.000006031000
682000,0.000005976000
683000,0.000006000000
684000,0.000006152000
685000,0.000005938000
686000,0.000005900000
687000,0.000006057000
688000,0.000005998000
689000,0.000005966000
690000,0.000005899000
691000,0.000005860000
692000,0.000006076000
693000,0.000006151000
694000,0.000005917000
695000,0.000006072000
696000,0.000005998000
697000,0.000006001000
698000,0.000005864000
699000,0.000005946000
700000,0.000005997000
701000,0.000005958000
702000,0.000005940000
703000,0.000006042000
704000,0.000006032000
705000,0.000005923000
706000,0.000005947000
707000,0.000005980000
708000,0.000006083000
709000,0.000005956000
710000,0.000005980000
711000,0.000005966000
712000,0.000006034000
713000,0.000006038000
714000,0.000005949000
715000,0.000005969000
716000,0.000006001000
717000,0.000006065000
718000,0.000006066000
719000,0.000005981000
720000,0.000006059000
721000,0.000005918000
722000,0.000005901000
723000,0.000006032000
724000,0.000006000000
725000,0.000006125000
726000,0.000006014000
727000,0.000005967000
728000,0.000006151000
729000,0.000006065000
730000,0.000005979000
731000,0.000006025000
732000,0.000005997000
733000,0.000005915000
734000,0.000005962000
735000,0.000005822000
736000,0.000005964000
737000,0.000006058000
738000,0.000006221000
739000,0.000005914000
740000,0.000005959000
741000,0.000005990000
742000,0.000005906000
743000,0.000005872000
744000,0.000005960000
745000,0.000005972000
746000,0.000005913000
747000,0.000005935000
748000,0.000006035000
749000,0.000005930000
750000,0.000006025000
751000,0.000005944000
752000,0.000006075000
753000,0.000005981000
754000,0.000006145000
755000,0.000005969000
756000,0.000006191000
757000,0.000006002000
758000,0.000005978000
759000,0.000005983000
760000,0.000006008000
761000,0.000006001000
762000,0.000005988000
763000,0.000006009000
764000,0.000005982000
765000,0.000005992000
766000,0.000006058000
767000,0.000005987000
768000,0.000005939000
769000,0.000005944000
770000,0.000005911000
771000,0.000005960000
772000,0.000005974000
773000,0.000005969000
774000,0.000006021000
775000,0.000005960000
776000,0.000005955000
777000,0.000006031000
778000,0.000005990000
779000,0.000006031000
780000,0.000005893000
781000,0.000005957000
782000,0.000005958000
783000,0.000006022000
784000,0.000005963000
785000,0.000005946000
786000,0.000006050000
787000,0.000005978000
788000,0.000005902000
789000,0.000006082000
790000,0.000005997000
791000,0.000005957000
792000,0.000005962000
793000,0.000006043000
794000,0.000006032000
795000,0.000006156000
796000,0.000005929000
797000,0.000006002000
798000,0.000005961000
799000,0.000005979000
800000,0.000005951000
801000,0.000006065000
802000,0.000006079000
803000,0.000005987000
804000,0.000005984000
805000,0.000005912000
806000,0.000006050000
807000,0.000006174000
808000,0.000005884000
809000,0.000005920000
810000,0.000006035000
811000,0.000006172000
812000,0.000006218000
813000,0.000006001000
814000,0.000006035000
815000,0.000006033000
816000,0.000005931000
817000,0.000005931000
818000,0.000006023000
819000,0.000005999000
820000,0.000005947000
821000,0.000005954000
822000,0.000006081000
823000,0.000005984000
824000,0.000005972000
825000,0.000005959000
826000,0.000006007000
827000,0.000006128000
828000,0.000005924000
829000,0.000005969000
830000,0.000005968000
831000,0.000005975000
832000,0.000005960000
833000,0.000005987000
834000,0.000006003000
835000,0.000006019000
836000,0.000005973000
837000,0.000005971000
838000,0.000005920000
839000,0.000005938000
840000,0.000006003000
841000,0.000005945000
842000,0.000005972000
843000,0.000006047000
844000,0.000005930000
845000,0.000005920000
846000,0.000006012000
847000,0.000006027000
848000,0.000005945000
849000,0.000006084000
850000,0.000006010000
851000,0.000006073000
852000,0.000005970000
853000,0.000005900000
854000,0.000005954000
855000,0.000005941000
856000,0.000006012000
857000,0.000006074000
858000,0.000006042000
859000,0.000005992000
860000,0.000005895000
861000,0.000005875000
862000,0.000006119000
863000,0.000005874000
864000,0.000005959000
865000,0.000005928000
866000,0.000006024000
867000,0.000006050000
868000,0.000005929000
869000,0.000006021000
870000,0.000005973000
871000,0.000006046000
872000,0.000005891000
873000,0.000005960000
874000,0.000006055000
875000,0.000005932000
876000,0.000006065000
877000,0.000006055000
878000,0.000006060000
879000,0.000006109000
880000,0.000005967000
881000,0.000005975000
882000,0.000006008000
883000,0.000005969000
884000,0.000005829000
885000,0.000006106000
886000,0.000005932000
887000,0.000006030000
888000,0.000005861000
889000,0.000005928000
890000,0.000005944000
891000,0.000005916000
892000,0.000006081000
893000,0.000006018000
894000,0.000005858000
895000,0.000005934000
896000,0.000005931000
897000,0.000006023000
898000,0.000006083000
899000,0.000005931000
900000,0.000005989000
901000,0.000005991000
902000,0.000006055000
903000,0.000006030000
904000,0.000006100000
905000,0.000006064000
906000,0.000006050000
907000,0.000006021000
908000,0.000005970000
909000,0.000006051000
910000,0.000006046000
911000,0.000005929000
912000,0.000006002000
913000,0.000005929000
914000,0.000005993000
915000,0.000006039000
916000,0.000005977000
917000,0.000006014000
918000,0.000006085000
919000,0.000006050000
920000,0.000005918000
921000,0.000006122000
922000,0.000006084000
923000,0.000005993000
924000,0.000005955000
925000,0.000006062000
926000,0.000006137000
927000,0.000006040000
928000,0.000005978000
929000,0.000006065000
930000,0.000005934000
931000,0.000005980000
932000,0.000006004000
933000,0.000005881000
934000,0.000005989000
935000,0.000006176000
936000,0.000005986000
937000,0.000006042000
938000,0.000006121000
939000,0.000005940000
940000,0.000006011000
941000,0.000006029000
942000,0.000006043000
943000,0.000006028000
944000,0.000006000000
945000,0.000005906000
946000,0.000006143000
947000,0.000009268000
948000,0.000006283000
949000,0.000006359000
950000,0.000006215000
951000,0.000005969000
952000,0.000006115000
953000,0.000006026000
954000,0.000006117000
955000,0.000006062000
956000,0.000006207000
957000,0.000006083000
958000,0.000005841000
959000,0.000005868000
960000,0.000005971000
961000,0.000006013000
962000,0.000006084000
963000,0.000005956000
964000,0.000005944000
965000,0.000006071000
966000,0.000005937000
967000,0.000005900000
968000,0.000006038000
969000,0.000005990000
970000,0.000006066000
971000,0.000005947000
972000,0.000006109000
973000,0.000006003000
974000,0.000005986000
975000,0.000006009000
976000,0.000006104000
977000,0.000005996000
978000,0.000005943000
979000,0.000006119000
980000,0.000006016000
981000,0.000006013000
982000,0.000005972000
983000,0.000006001000
984000,0.000005931000
985000,0.000005928000
986000,0.000005835000
987000,0.000006029000
988000,0.000005992000
989000,0.000005976000
990000,0.000006078000
991000,0.000005944000
992000,0.000006046000
993000,0.000006055000
994000,0.000005980000
995000,0.000005916000
996000,0.000006031000
997000,0.000005983000
998000,0.000006003000
999000,0.000005963000
