1000000,0.000289522000
999000,0.000307093000
998000,0.000283712000
997000,0.000284771000
996000,0.000293201000
995000,0.000292408000
994000,0.000291873000
993000,0.000292478000
992000,0.000338493000
991000,0.000291385000
990000,0.000290903000
989000,0.000290097000
988000,0.000289346000
987000,0.000291989000
986000,0.000290290000
985000,0.000290179000
984000,0.000288644000
983000,0.000288517000
982000,0.000288414000
981000,0.000324986000
980000,0.000289583000
979000,0.000308832000
978000,0.000288028000
977000,0.000290769000
976000,0.000288707000
975000,0.000286931000
974000,0.000287075000
973000,0.000287559000
972000,0.000288293000
971000,0.000288043000
970000,0.000286777000
969000,0.000310242000
968000,0.000285543000
967000,0.000285351000
966000,0.000285986000
965000,0.000285076000
964000,0.000284965000
963000,0.000284611000
962000,0.000285231000
961000,0.000282912000
960000,0.000283217000
959000,0.000285237000
958000,0.000311320000
957000,0.000284831000
956000,0.000282961000
955000,0.000284226000
954000,0.000284569000
953000,0.000282475000
952000,0.000283054000
951000,0.000282442000
950000,0.000281764000
949000,0.000282355000
948000,0.000281997000
947000,0.000294044000
946000,0.000272589000
945000,0.000281028000
944000,0.000301426000
943000,0.000283063000
942000,0.000279853000
941000,0.000280676000
940000,0.000282113000
939000,0.000281048000
938000,0.000281211000
937000,0.000282126000
936000,0.000279944000
935000,0.000323602000
934000,0.000260580000
933000,0.000261137000
932000,0.000261318000
931000,0.000259661000
930000,0.000260795000
929000,0.000261094000
928000,0.000258743000
927000,0.000258387000
926000,0.000260148000
925000,0.000261066000
924000,0.000259499000
923000,0.000264194000
922000,0.000259434000
921000,0.000260522000
920000,0.000259581000
919000,0.000259272000
918000,0.000261139000
917000,0.000258360000
916000,0.000258624000
915000,0.000258539000
914000,0.000260168000
913000,0.000259681000
912000,0.000259564000
911000,0.000257447000
910000,0.000261027000
909000,0.000257280000
908000,0.000258262000
907000,0.000258356000
906000,0.000259608000
905000,0.000258001000
904000,0.000257154000
903000,0.000258580000
902000,0.000255848000
901000,0.000258535000
900000,0.000257496000
899000,0.000255662000
898000,0.000257493000
897000,0.000262710000
896000,0.000257711000
895000,0.000257166000
894000,0.000256305000
893000,0.000256503000
892000,0.000256857000
891000,0.000257467000
890000,0.000256584000
889000,0.000255687000
888000,0.000257951000
887000,0.000255997000
886000,0.000256714000
885000,0.000256620000
884000,0.000280871000
883000,0.000256232000
882000,0.000255580000
881000,0.000257781000
880000,0.000258467000
879000,0.000256744000
878000,0.000257612000
877000,0.000256977000
876000,0.000256541000
875000,0.000255126000
874000,0.000255779000
873000,0.000256282000
872000,0.000259911000
871000,0.000257287000
870000,0.000254499000
869000,0.000254937000
868000,0.000256983000
867000,0.000257123000
866000,0.000254667000
865000,0.000275773000
864000,0.000255578000
863000,0.000255853000
862000,0.000255619000
861000,0.000255217000
860000,0.000255801000
859000,0.000259905000
858000,0.000257531000
857000,0.000254789000
856000,0.000255856000
855000,0.000254432000
854000,0.000254936000
853000,0.000257366000
852000,0.000254854000
851000,0.000257258000
850000,0.000253554000
849000,0.000254904000
848000,0.000255239000
847000,0.000253857000
846000,0.000280018000
845000,0.000254740000
844000,0.000256228000
843000,0.000256534000
842000,0.000254862000
841000,0.000254291000
840000,0.000254466000
839000,0.000254120000
838000,0.000254564000
837000,0.000253875000
836000,0.000254959000
835000,0.000254449000
834000,0.000255248000
833000,0.000255877000
832000,0.000253949000
831000,0.000253432000
830000,0.000253840000
829000,0.000254332000
828000,0.000255076000
827000,0.000253273000
826000,0.000253942000
825000,0.000254619000
824000,0.000253479000
823000,0.000254534000
822000,0.000273812000
821000,0.000259030000
820000,0.000254278000
819000,0.000254338000
818000,0.000253427000
817000,0.000254778000
816000,0.000253663000
815000,0.000251676000
814000,0.000253035000
813000,0.000253763000
812000,0.000252641000
811000,0.000253506000
810000,0.000253235000
809000,0.000253838000
808000,0.000284020000
807000,0.000252899000
806000,0.000252302000
805000,0.000252386000
804000,0.000251472000
803000,0.000253108000
802000,0.000254577000
801000,0.000252232000
800000,0.000253316000
799000,0.000252345000
798000,0.000253414000
797000,0.000252760000
796000,0.000251840000
795000,0.000255386000
794000,0.000253649000
793000,0.000252082000
792000,0.000252480000
791000,0.000251411000
790000,0.000253410000
789000,0.000252685000
788000,0.000252802000
787000,0.000251084000
786000,0.000253303000
785000,0.000252549000
784000,0.000251407000
783000,0.000252636000
782000,0.000253437000
781000,0.000252895000
780000,0.000251408000
779000,0.000252358000
778000,0.000251721000
777000,0.000251185000
776000,0.000253199000
775000,0.000252650000
774000,0.000252932000
773000,0.000253042000
772000,0.000253491000
771000,0.000251924000
770000,0.000252906000
769000,0.000281028000
768000,0.000253964000
767000,0.000251212000
766000,0.000252986000
765000,0.000250649000
764000,0.000251002000
763000,0.000249871000
762000,0.000250695000
761000,0.000251382000
760000,0.000271107000
759000,0.000250958000
758000,0.000250976000
757000,0.000252054000
756000,0.000252336000
755000,0.000251137000
754000,0.000251337000
753000,0.000250981000
752000,0.000249907000
751000,0.000250496000
750000,0.000250180000
749000,0.000250310000
748000,0.000250463000
747000,0.000249666000
746000,0.000250536000
745000,0.000251305000
744000,0.000252002000
743000,0.000253812000
742000,0.000250795000
741000,0.000250824000
740000,0.000251169000
739000,0.000251562000
738000,0.000250839000
737000,0.000250224000
736000,0.000250508000
735000,0.000249929000
734000,0.000250548000
733000,0.000249654000
732000,0.000250691000
731000,0.000249016000
730000,0.000276003000
729000,0.000250265000
728000,0.000248672000
727000,0.000249465000
726000,0.000251411000
725000,0.000249513000
724000,0.000250026000
723000,0.000250941000
722000,0.000249689000
721000,0.000249737000
720000,0.000248958000
719000,0.000249175000
718000,0.000250089000
717000,0.000252699000
716000,0.000250009000
715000,0.000249016000
714000,0.000249285000
713000,0.000250303000
712000,0.000248290000
711000,0.000250954000
710000,0.000251073000
709000,0.000248450000
708000,0.000248826000
707000,0.000250301000
706000,0.000250443000
705000,0.000249334000
704000,0.000252314000
703000,0.000249635000
702000,0.000248341000
701000,0.000248672000
700000,0.000249692000
699000,0.000249781000
698000,0.000248932000
697000,0.000269004000
696000,0.000248577000
695000,0.000248750000
694000,0.000248808000
693000,0.000248852000
692000,0.000249320000
691000,0.000278061000
690000,0.000250152000
689000,0.000248670000
688000,0.000248259000
687000,0.000248437000
686000,0.000248072000
685000,0.000248860000
684000,0.000248887000
683000,0.000251366000
682000,0.000250079000
681000,0.000247595000
680000,0.000248734000
679000,0.000249182000
678000,0.000251338000
677000,0.000248730000
676000,0.000248973000
675000,0.000248572000
674000,0.000248115000
673000,0.000249042000
672000,0.000247235000
671000,0.000247679000
670000,0.000249783000
669000,0.000247063000
668000,0.000248300000
667000,0.000249214000
666000,0.000249142000
665000,0.000250335000
664000,0.000247242000
663000,0.000247834000
662000,0.000246473000
661000,0.000247086000
660000,0.000246988000
659000,0.000247354000
658000,0.000266977000
657000,0.000248033000
656000,0.000247613000
655000,0.000247445000
654000,0.000246404000
653000,0.000246255000
652000,0.000249460000
651000,0.000281520000
650000,0.000246284000
649000,0.000247642000
648000,0.000246349000
647000,0.000247995000
646000,0.000247410000
645000,0.000247690000
644000,0.000247338000
643000,0.000246314000
642000,0.000246590000
641000,0.000246404000
640000,0.000246820000
639000,0.000246659000
638000,0.000252263000
637000,0.000246360000
636000,0.000247548000
635000,0.000246379000
634000,0.000245859000
633000,0.000245728000
632000,0.000248812000
631000,0.000247034000
630000,0.000246136000
629000,0.000246682000
628000,0.000247122000
627000,0.000248586000
626000,0.000247233000
625000,0.000249087000
624000,0.000246115000
623000,0.000248042000
622000,0.000245764000
621000,0.000247559000
620000,0.000246672000
619000,0.000245271000
618000,0.000245684000
617000,0.000246604000
616000,0.000245591000
615000,0.000246055000
614000,0.000266170000
613000,0.000244386000
612000,0.000275220000
611000,0.000245304000
610000,0.000246886000
609000,0.000245645000
608000,0.000244682000
607000,0.000245231000
606000,0.000244686000
605000,0.000247618000
604000,0.000246509000
603000,0.000244623000
602000,0.000245389000
601000,0.000245168000
600000,0.000245645000
599000,0.000248761000
598000,0.000246748000
597000,0.000245308000
596000,0.000244038000
595000,0.000243820000
594000,0.000245363000
593000,0.000245824000
592000,0.000245316000
591000,0.000244077000
590000,0.000244612000
589000,0.000244517000
588000,0.000245464000
587000,0.000244659000
586000,0.000245443000
585000,0.000246897000
584000,0.000244693000
583000,0.000244452000
582000,0.000246166000
581000,0.000245678000
580000,0.000244473000
579000,0.000244589000
578000,0.000244693000
577000,0.000243298000
576000,0.000245607000
575000,0.000244472000
574000,0.000245591000
573000,0.000243269000
572000,0.000272290000
571000,0.000245152000
570000,0.000243064000
569000,0.000244433000
568000,0.000242854000
567000,0.000242086000
566000,0.000244843000
565000,0.000243546000
564000,0.000243663000
563000,0.000242287000
562000,0.000242918000
561000,0.000244167000
560000,0.000243637000
559000,0.000246183000
558000,0.000243941000
557000,0.000243622000
556000,0.000243370000
555000,0.000244979000
554000,0.000242364000
553000,0.000242698000
552000,0.000242082000
551000,0.000242726000
550000,0.000243857000
549000,0.000242699000
548000,0.000241557000
547000,0.000242461000
546000,0.000243925000
545000,0.000246888000
544000,0.000244801000
543000,0.000243464000
542000,0.000244184000
541000,0.000242213000
540000,0.000244228000
539000,0.000243884000
538000,0.000242294000
537000,0.000244490000
536000,0.000243275000
535000,0.000242387000
534000,0.000241617000
533000,0.000242425000
532000,0.000271648000
531000,0.000267385000
530000,0.000242566000
529000,0.000241010000
528000,0.000243327000
527000,0.000241408000
526000,0.000243750000
525000,0.000241867000
524000,0.000243296000
523000,0.000241577000
522000,0.000242100000
521000,0.000242175000
520000,0.000243016000
519000,0.000244690000
518000,0.000245343000
517000,0.000243228000
516000,0.000240770000
515000,0.000241996000
514000,0.000240631000
513000,0.000241946000
512000,0.000240762000
511000,0.000242326000
510000,0.000240524000
509000,0.000242038000
508000,0.000242291000
507000,0.000240696000
506000,0.000241453000
505000,0.000264276000
504000,0.000242333000
503000,0.000240337000
502000,0.000241802000
501000,0.000240895000
500000,0.000241952000
499000,0.000240082000
498000,0.000240945000
497000,0.000241803000
496000,0.000242043000
495000,0.000240362000
494000,0.000240064000
493000,0.000239581000
492000,0.000240486000
491000,0.000264919000
490000,0.000242612000
489000,0.000240965000
488000,0.000239621000
487000,0.000240202000
486000,0.000240839000
485000,0.000260681000
484000,0.000240497000
483000,0.000240810000
482000,0.000239892000
481000,0.000240701000
480000,0.000239899000
479000,0.000240786000
478000,0.000242234000
477000,0.000241322000
476000,0.000239210000
475000,0.000240579000
474000,0.000240115000
473000,0.000239684000
472000,0.000239361000
471000,0.000238874000
470000,0.000239813000
469000,0.000240294000
468000,0.000240523000
467000,0.000238626000
466000,0.000238388000
465000,0.000239098000
464000,0.000242126000
463000,0.000238592000
462000,0.000239586000
461000,0.000239914000
460000,0.000240193000
459000,0.000238886000
458000,0.000239680000
457000,0.000239793000
456000,0.000239138000
455000,0.000238922000
454000,0.000238402000
453000,0.000237224000
452000,0.000239739000
451000,0.000253417000
450000,0.000249822000
449000,0.000238998000
448000,0.000238329000
447000,0.000237982000
446000,0.000237648000
445000,0.000240497000
444000,0.000236339000
443000,0.000236971000
442000,0.000237625000
441000,0.000238327000
440000,0.000248025000
439000,0.000247123000
438000,0.000239480000
437000,0.000241455000
436000,0.000237808000
435000,0.000236738000
434000,0.000237952000
433000,0.000238888000
432000,0.000238483000
431000,0.000239030000
430000,0.000237915000
429000,0.000237593000
428000,0.000236923000
427000,0.000236181000
426000,0.000238689000
425000,0.000236564000
424000,0.000238166000
423000,0.000238441000
422000,0.000237769000
421000,0.000236873000
420000,0.000237511000
419000,0.000256852000
418000,0.000236352000
417000,0.000236588000
416000,0.000236050000
415000,0.000236428000
414000,0.000238263000
413000,0.000237565000
412000,0.000236654000
411000,0.000235787000
410000,0.000239338000
409000,0.000246266000
408000,0.000235187000
407000,0.000237416000
406000,0.000234808000
405000,0.000235456000
404000,0.000235606000
403000,0.000235443000
402000,0.000237070000
401000,0.000237744000
400000,0.000236835000
399000,0.000236959000
398000,0.000235159000
397000,0.000234866000
396000,0.000236463000
395000,0.000235809000
394000,0.000234081000
393000,0.000236542000
392000,0.000235593000
391000,0.000235342000
390000,0.000235001000
389000,0.000235019000
388000,0.000234578000
387000,0.000235812000
386000,0.000235729000
385000,0.000234148000
384000,0.000235036000
383000,0.000236644000
382000,0.000237233000
381000,0.000235091000
380000,0.000235867000
379000,0.000235024000
378000,0.000234619000
377000,0.000233452000
376000,0.000235451000
375000,0.000233901000
374000,0.000232959000
373000,0.000254320000
372000,0.000234199000
371000,0.000234173000
370000,0.000233940000
369000,0.000234676000
368000,0.000256618000
367000,0.000235240000
366000,0.000233734000
365000,0.000233655000
364000,0.000232513000
363000,0.000232659000
362000,0.000233355000
361000,0.000234943000
360000,0.000234172000
359000,0.000233346000
358000,0.000233260000
357000,0.000233363000
356000,0.000232963000
355000,0.000234326000
354000,0.000236101000
353000,0.000244336000
352000,0.000241593000
351000,0.000232706000
350000,0.000232374000
349000,0.000231281000
348000,0.000232350000
347000,0.000232294000
346000,0.000232628000
345000,0.000233137000
344000,0.000232525000
343000,0.000231526000
342000,0.000232308000
341000,0.000231921000
340000,0.000234363000
339000,0.000232409000
338000,0.000231280000
337000,0.000232447000
336000,0.000242227000
335000,0.000242177000
334000,0.000231658000
333000,0.000230877000
332000,0.000231930000
331000,0.000230625000
330000,0.000230122000
329000,0.000231284000
328000,0.000232091000
327000,0.000229568000
326000,0.000253696000
325000,0.000231074000
324000,0.000231474000
323000,0.000230868000
322000,0.000230118000
321000,0.000231398000
320000,0.000230305000
319000,0.000231186000
318000,0.000230241000
317000,0.000229363000
316000,0.000229950000
315000,0.000229207000
314000,0.000231765000
313000,0.000229880000
312000,0.000232739000
311000,0.000229965000
310000,0.000250475000
309000,0.000228899000
308000,0.000228971000
307000,0.000229838000
306000,0.000230398000
305000,0.000228973000
304000,0.000229268000
303000,0.000231161000
302000,0.000228487000
301000,0.000229324000
300000,0.000228915000
299000,0.000229610000
298000,0.000231007000
297000,0.000227740000
296000,0.000229804000
295000,0.000228132000
294000,0.000228803000
293000,0.000228365000
292000,0.000228913000
291000,0.000228590000
290000,0.000227232000
289000,0.000240189000
288000,0.000237787000
287000,0.000227881000
286000,0.000227788000
285000,0.000228170000
284000,0.000241659000
283000,0.000235158000
282000,0.000228166000
281000,0.000227548000
280000,0.000227922000
279000,0.000226927000
278000,0.000227818000
277000,0.000227689000
276000,0.000226553000
275000,0.000226460000
274000,0.000226120000
273000,0.000226130000
272000,0.000226194000
271000,0.000227147000
270000,0.000225105000
269000,0.000227942000
268000,0.000227092000
267000,0.000226816000
266000,0.000226661000
265000,0.000226015000
264000,0.000224982000
263000,0.000223940000
262000,0.000226222000
261000,0.000225276000
260000,0.000225692000
259000,0.000225903000
258000,0.000226288000
257000,0.000225390000
256000,0.000223160000
255000,0.000227819000
254000,0.000225256000
253000,0.000225485000
252000,0.000224073000
251000,0.000225113000
250000,0.000223952000
249000,0.000224971000
248000,0.000225212000
247000,0.000234952000
246000,0.000231711000
245000,0.000231867000
244000,0.000231395000
243000,0.000230449000
242000,0.000231522000
241000,0.000264010000
240000,0.000240805000
239000,0.000230932000
238000,0.000229249000
237000,0.000233885000
236000,0.000221642000
235000,0.000223517000
234000,0.000223480000
233000,0.000222245000
232000,0.000222450000
231000,0.000223307000
230000,0.000223728000
229000,0.000223865000
228000,0.000222666000
227000,0.000223315000
226000,0.000245558000
225000,0.000221979000
224000,0.000221926000
223000,0.000221595000
222000,0.000220562000
221000,0.000221926000
220000,0.000219574000
219000,0.000241662000
218000,0.000220962000
217000,0.000223603000
216000,0.000220361000
215000,0.000222023000
214000,0.000220621000
213000,0.000220409000
212000,0.000222220000
211000,0.000220502000
210000,0.000219729000
209000,0.000220169000
208000,0.000219207000
207000,0.000218149000
206000,0.000221475000
205000,0.000220752000
204000,0.000219126000
203000,0.000219222000
202000,0.000219136000
201000,0.000219538000
200000,0.000217902000
199000,0.000220014000
198000,0.000218750000
197000,0.000221884000
196000,0.000218943000
195000,0.000216802000
194000,0.000218561000
193000,0.000218371000
192000,0.000219560000
191000,0.000219624000
190000,0.000218519000
189000,0.000215497000
188000,0.000219179000
187000,0.000217448000
186000,0.000218208000
185000,0.000217151000
184000,0.000217576000
183000,0.000216338000
182000,0.000240223000
181000,0.000217626000
180000,0.000216480000
179000,0.000217739000
178000,0.000215810000
177000,0.000216078000
176000,0.000216944000
175000,0.000215053000
174000,0.000213948000
173000,0.000214402000
172000,0.000214122000
171000,0.000215799000
170000,0.000225433000
169000,0.000224427000
168000,0.000214795000
167000,0.000218097000
166000,0.000214382000
165000,0.000215278000
164000,0.000214078000
163000,0.000214635000
162000,0.000213671000
161000,0.000213465000
160000,0.000213457000
159000,0.000211929000
158000,0.000214302000
157000,0.000212633000
156000,0.000212828000
155000,0.000213484000
154000,0.000212708000
153000,0.000210731000
152000,0.000211748000
151000,0.000211531000
150000,0.000212501000
149000,0.000210964000
148000,0.000210922000
147000,0.000232481000
146000,0.000210101000
145000,0.000210694000
144000,0.000209729000
143000,0.000221969000
142000,0.000222268000
141000,0.000211163000
140000,0.000209704000
139000,0.000208838000
138000,0.000208850000
137000,0.000210569000
136000,0.000232249000
135000,0.000208169000
134000,0.000209992000
133000,0.000209091000
132000,0.000207593000
131000,0.000207844000
130000,0.000206994000
129000,0.000207919000
128000,0.000207549000
127000,0.000207265000
126000,0.000208537000
125000,0.000206129000
124000,0.000207616000
123000,0.000207631000
122000,0.000205695000
121000,0.000208347000
120000,0.000206565000
119000,0.000205869000
118000,0.000205305000
117000,0.000205878000
116000,0.000206152000
115000,0.000205505000
114000,0.000203110000
113000,0.000203808000
112000,0.000205121000
111000,0.000205058000
110000,0.000205170000
109000,0.000203525000
108000,0.000203318000
107000,0.000203306000
106000,0.000203253000
105000,0.000206379000
104000,0.000202712000
103000,0.000202109000
102000,0.000201195000
101000,0.000202744000
100000,0.000200779000
99000,0.000201761000
98000,0.000201357000
97000,0.000200887000
96000,0.000200475000
95000,0.000201294000
94000,0.000219925000
93000,0.000198199000
92000,0.000200203000
91000,0.000199034000
90000,0.000198448000
89000,0.000200299000
88000,0.000219967000
87000,0.000198139000
86000,0.000198489000
85000,0.000196998000
84000,0.000196666000
83000,0.000196441000
82000,0.000195539000
81000,0.000196897000
80000,0.000196516000
79000,0.000196342000
78000,0.000195226000
77000,0.000194111000
76000,0.000195371000
75000,0.000194141000
74000,0.000192566000
73000,0.000194204000
72000,0.000198147000
71000,0.000193480000
70000,0.000213682000
69000,0.000192443000
68000,0.000191921000
67000,0.000190820000
66000,0.000191434000
65000,0.000191381000
64000,0.000190751000
63000,0.000189417000
62000,0.000188319000
61000,0.000189981000
60000,0.000189024000
59000,0.000189026000
58000,0.000187876000
57000,0.000189135000
56000,0.000186949000
55000,0.000189387000
54000,0.000188006000
53000,0.000185183000
52000,0.000185860000
51000,0.000185686000
50000,0.000184795000
49000,0.000183722000
48000,0.000184261000
47000,0.000183790000
46000,0.000183521000
45000,0.000181939000
44000,0.000181405000
43000,0.000180118000
42000,0.000181420000
41000,0.000181112000
40000,0.000179958000
39000,0.000179485000
38000,0.000179364000
37000,0.000200669000
36000,0.000177758000
35000,0.000175926000
34000,0.000175394000
33000,0.000175075000
32000,0.000174806000
31000,0.000176012000
30000,0.000173722000
29000,0.000173583000
28000,0.000172103000
27000,0.000171079000
26000,0.000171377000
25000,0.000169660000
24000,0.000169565000
23000,0.000168813000
22000,0.000168203000
21000,0.000166342000
20000,0.000165638000
19000,0.000164699000
18000,0.000165482000
17000,0.000162459000
16000,0.000160794000
15000,0.000160505000
14000,0.000158247000
13000,0.000157250000
12000,0.000155351000
11000,0.000152979000
10000,0.000151545000
9000,0.000160652000
8000,0.000177732000
7000,0.000145891000
6000,0.000142408000
5000,0.000138852000
4000,0.000135109000
3000,0.000130007000
2000,0.000122859000
1000,0.000100353000
