0,0.004201045000
100000,0.003991202000
200000,0.004367713000
300000,0.003301099000
400000,0.003611826000
500000,0.005057910000
600000,0.003284239000
700000,0.003312327000
800000,0.003321482000
900000,0.003370039000
1000000,0.006693867000
1100000,0.003319630000
1200000,0.003305295000
1300000,0.003323075000
1400000,0.003251328000
1500000,0.003249697000
1600000,0.003319749000
1700000,0.003265515000
1800000,0.003247719000
1900000,0.003328864000
2000000,0.010451878000
2100000,0.003339944000
2200000,0.003327736000
2300000,0.003259062000
2400000,0.003342035000
2500000,0.003324051000
2600000,0.003382399000
2700000,0.003284258000
2800000,0.003339567000
2900000,0.003352435000
3000000,0.003287114000
3100000,0.003377556000
3200000,0.003287980000
3300000,0.003279972000
3400000,0.003373910000
3500000,0.003291028000
3600000,0.003387998000
3700000,0.003332220000
3800000,0.003247399000
3900000,0.003297537000
4000000,0.003273507000
4100000,0.017374890000
4200000,0.003471149000
4300000,0.003291256000
4400000,0.003291138000
4500000,0.003261937000
4600000,0.003288908000
4700000,0.003437602000
4800000,0.003254946000
4900000,0.003332628000
5000000,0.003270202000
5100000,0.003288626000
5200000,0.003368054000
5300000,0.003268097000
5400000,0.003308745000
5500000,0.003301863000
5600000,0.003280781000
5700000,0.003369785000
5800000,0.003291504000
5900000,0.003275472000
6000000,0.003340570000
6100000,0.003261903000
6200000,0.003367897000
6300000,0.003314322000
6400000,0.003296635000
6500000,0.003473747000
6600000,0.003306294000
6700000,0.003397654000
6800000,0.003359178000
6900000,0.003253876000
7000000,0.003289141000
7100000,0.003255915000
7200000,0.003400465000
7300000,0.003336931000
7400000,0.003282431000
7500000,0.003264803000
7600000,0.003267092000
7700000,0.003378071000
7800000,0.003386300000
7900000,0.003272411000
8000000,0.003306088000
8100000,0.003427552000
8200000,0.003484937000
8300000,0.032165226000
8400000,0.003460349000
8500000,0.003429307000
8600000,0.003447712000
8700000,0.003518245000
8800000,0.003455888000
8900000,0.003459046000
9000000,0.003412694000
9100000,0.003370489000
9200000,0.003439756000
9300000,0.003434202000
9400000,0.003425272000
9500000,0.003498159000
9600000,0.003380106000
9700000,0.003400690000
9800000,0.003422280000
9900000,0.003337628000
10000000,0.003325635000
10100000,0.003517704000
10200000,0.003481045000
10300000,0.003470540000
10400000,0.003406044000
10500000,0.003431633000
10600000,0.003385920000
10700000,0.003355244000
10800000,0.003535431000
10900000,0.003337115000
11000000,0.003458756000
11100000,0.003403918000
11200000,0.003437518000
11300000,0.003372813000
11400000,0.003387270000
11500000,0.003383191000
11600000,0.003392593000
11700000,0.003532109000
11800000,0.003340934000
11900000,0.003353567000
12000000,0.003520619000
12100000,0.003591444000
12200000,0.003455898000
12300000,0.003485577000
12400000,0.003475056000
12500000,0.003511900000
12600000,0.003469113000
12700000,0.003440925000
12800000,0.003435574000
12900000,0.003379643000
13000000,0.003395650000
13100000,0.003520199000
13200000,0.003388298000
13300000,0.003407637000
13400000,0.003382379000
13500000,0.003402703000
13600000,0.003411892000
13700000,0.003457268000
13800000,0.003444064000
13900000,0.003429959000
14000000,0.003668859000
14100000,0.003450821000
14200000,0.003551852000
14300000,0.003416137000
14400000,0.003412935000
14500000,0.003381448000
14600000,0.003537841000
14700000,0.003546935000
14800000,0.003415261000
14900000,0.003406903000
15000000,0.003435031000
15100000,0.003498889000
15200000,0.003549196000
15300000,0.003405156000
15400000,0.003436364000
15500000,0.003460330000
15600000,0.003404287000
15700000,0.003445765000
15800000,0.003425374000
15900000,0.003461717000
16000000,0.003441744000
16100000,0.003407739000
16200000,0.003399110000
16300000,0.003502128000
16400000,0.003611959000
16500000,0.003415069000
16600000,0.003403360000
16700000,0.115042314000
16800000,0.003405868000
16900000,0.003392102000
17000000,0.003404155000
17100000,0.003455424000
17200000,0.003624258000
17300000,0.003413052000
17400000,0.003385252000
17500000,0.003454934000
17600000,0.003525969000
17700000,0.003466372000
17800000,0.003313670000
17900000,0.003423214000
18000000,0.003369924000
18100000,0.003516523000
18200000,0.003435709000
18300000,0.003256774000
18400000,0.003407942000
18500000,0.003456240000
18600000,0.003417107000
18700000,0.003447275000
18800000,0.003272590000
18900000,0.003455260000
19000000,0.003422865000
19100000,0.003404445000
19200000,0.003405534000
19300000,0.003345736000
19400000,0.003400089000
19500000,0.003382036000
19600000,0.003416151000
19700000,0.003624874000
19800000,0.003487438000
19900000,0.003519933000
20000000,0.003452734000
20100000,0.003451536000
20200000,0.003474730000
20300000,0.003688015000
20400000,0.003414404000
20500000,0.003356607000
20600000,0.003397425000
20700000,0.003299392000
20800000,0.003538352000
20900000,0.003351432000
21000000,0.003324236000
21100000,0.003447798000
21200000,0.003299702000
21300000,0.003548128000
21400000,0.003273693000
21500000,0.003381063000
21600000,0.003319927000
21700000,0.003333314000
21800000,0.003479107000
21900000,0.003276462000
22000000,0.003409982000
22100000,0.003367144000
22200000,0.003375818000
22300000,0.003472793000
22400000,0.003280142000
22500000,0.003411236000
22600000,0.003382606000
22700000,0.003318849000
22800000,0.003418923000
22900000,0.003403022000
23000000,0.003415277000
23100000,0.003372225000
23200000,0.003303763000
23300000,0.003413986000
23400000,0.003255260000
23500000,0.003346832000
23600000,0.003273190000
23700000,0.003323303000
23800000,0.003265750000
23900000,0.003274133000
24000000,0.003344058000
24100000,0.003304135000
24200000,0.003267054000
24300000,0.003242611000
24400000,0.003232441000
24500000,0.003347963000
24600000,0.003302264000
24700000,0.003247773000
24800000,0.003244401000
24900000,0.003229130000
25000000,0.003323791000
25100000,0.003299588000
25200000,0.003254033000
25300000,0.003223239000
25400000,0.003249292000
25500000,0.003354522000
25600000,0.003276785000
25700000,0.003258602000
25800000,0.003254066000
25900000,0.003285001000
26000000,0.003261181000
26100000,0.003397367000
26200000,0.003222690000
26300000,0.003255200000
26400000,0.003252650000
26500000,0.003265789000
26600000,0.003350273000
26700000,0.003229853000
26800000,0.003246780000
26900000,0.003219371000
27000000,0.003224030000
27100000,0.003449348000
27200000,0.003272132000
27300000,0.003222830000
27400000,0.003232766000
27500000,0.003220167000
27600000,0.003361685000
27700000,0.003246152000
27800000,0.003267688000
27900000,0.003262059000
28000000,0.003298227000
28100000,0.003369820000
28200000,0.003256595000
28300000,0.003253217000
28400000,0.003271514000
28500000,0.003301693000
28600000,0.003337228000
28700000,0.003632069000
28800000,0.003430774000
28900000,0.003405831000
29000000,0.003393026000
29100000,0.003297158000
29200000,0.003230539000
29300000,0.003273201000
29400000,0.003279889000
29500000,0.003306127000
29600000,0.003346860000
29700000,0.003279621000
29800000,0.003243110000
29900000,0.003259908000
30000000,0.003303265000
30100000,0.003505192000
30200000,0.003251187000
30300000,0.003237483000
30400000,0.003248978000
30500000,0.003256748000
30600000,0.003374656000
30700000,0.003270172000
30800000,0.003245096000
30900000,0.003244447000
31000000,0.003271873000
31100000,0.003318387000
31200000,0.003265837000
31300000,0.003245032000
31400000,0.003235541000
31500000,0.003272354000
31600000,0.003325206000
31700000,0.003277444000
31800000,0.003239304000
31900000,0.003335706000
32000000,0.003334415000
32100000,0.003325750000
32200000,0.003268097000
32300000,0.003265284000
32400000,0.003275977000
32500000,0.003711512000
32600000,0.003362863000
32700000,0.003278228000
32800000,0.003260333000
32900000,0.003275307000
33000000,0.003265781000
33100000,0.003319678000
33200000,0.003233231000
33300000,0.003271318000
33400000,0.003249901000
33500000,0.112787592000
33600000,0.003219459000
33700000,0.003241830000
33800000,0.003323305000
33900000,0.003296689000
34000000,0.003284446000
34100000,0.003244883000
34200000,0.003266025000
34300000,0.003325374000
34400000,0.003264050000
34500000,0.003246279000
34600000,0.003239440000
34700000,0.003261592000
34800000,0.003269167000
34900000,0.003348037000
35000000,0.003257577000
35100000,0.003242811000
35200000,0.003272034000
35300000,0.003247548000
35400000,0.003318859000
35500000,0.003232222000
35600000,0.003257721000
35700000,0.003239498000
35800000,0.003275025000
35900000,0.003364199000
36000000,0.003296089000
36100000,0.003615322000
36200000,0.003454654000
36300000,0.003551130000
36400000,0.003313431000
36500000,0.003298525000
36600000,0.003299486000
36700000,0.003286756000
36800000,0.003319953000
36900000,0.003335239000
37000000,0.003328569000
37100000,0.003245311000
37200000,0.003249514000
37300000,0.003272075000
37400000,0.003333865000
37500000,0.003236592000
37600000,0.003243683000
37700000,0.003247869000
37800000,0.003285268000
37900000,0.003407373000
38000000,0.003268864000
38100000,0.003233259000
38200000,0.003258532000
38300000,0.003226101000
38400000,0.003314550000
38500000,0.003230113000
38600000,0.003259257000
38700000,0.003256194000
38800000,0.003260433000
38900000,0.003439435000
39000000,0.003266821000
39100000,0.003241916000
39200000,0.003270642000
39300000,0.003544682000
39400000,0.003402628000
39500000,0.003206354000
39600000,0.003253932000
39700000,0.003267610000
39800000,0.003287081000
39900000,0.003316269000
40000000,0.003259535000
40100000,0.003240886000
40200000,0.003258721000
40300000,0.003274956000
40400000,0.003356602000
40500000,0.003299263000
40600000,0.003253756000
40700000,0.003237071000
40800000,0.003258221000
40900000,0.003339522000
41000000,0.003284036000
41100000,0.003276194000
41200000,0.003261541000
41300000,0.003246356000
41400000,0.003418806000
41500000,0.003259217000
41600000,0.003248876000
41700000,0.003248593000
41800000,0.003307972000
41900000,0.003344152000
42000000,0.003255906000
42100000,0.003243705000
42200000,0.003265300000
42300000,0.003233028000
42400000,0.003362845000
42500000,0.003283406000
42600000,0.003250462000
42700000,0.003235769000
42800000,0.003230370000
42900000,0.003315780000
43000000,0.003226042000
43100000,0.003260260000
43200000,0.003237871000
43300000,0.003248707000
43400000,0.003254166000
43500000,0.003258723000
43600000,0.003279894000
43700000,0.003221598000
43800000,0.003246109000
43900000,0.003327090000
44000000,0.003265548000
44100000,0.003236552000
44200000,0.003262896000
44300000,0.003246966000
44400000,0.003231323000
44500000,0.003309506000
44600000,0.003308124000
44700000,0.003218092000
44800000,0.003249504000
44900000,0.003222156000
45000000,0.003309643000
45100000,0.003238719000
45200000,0.003232222000
45300000,0.003230341000
45400000,0.003252038000
45500000,0.003346349000
45600000,0.003230842000
45700000,0.003221729000
45800000,0.003242127000
45900000,0.003252212000
46000000,0.003349080000
46100000,0.003281764000
46200000,0.003295529000
46300000,0.003237394000
46400000,0.003256221000
46500000,0.003379318000
46600000,0.003249559000
46700000,0.003544856000
46800000,0.003303417000
46900000,0.003262239000
47000000,0.003481241000
47100000,0.003369507000
47200000,0.003290755000
47300000,0.003261090000
47400000,0.003504904000
47500000,0.003365880000
47600000,0.003326516000
47700000,0.003344784000
47800000,0.003256645000
47900000,0.003256161000
48000000,0.003481354000
48100000,0.003332333000
48200000,0.003278460000
48300000,0.003269539000
48400000,0.003396379000
48500000,0.003375941000
48600000,0.003272585000
48700000,0.003451182000
48800000,0.003250740000
48900000,0.003262633000
49000000,0.003470133000
49100000,0.003259636000
49200000,0.003271677000
49300000,0.003247015000
49400000,0.003456789000
49500000,0.003409871000
49600000,0.003256847000
49700000,0.003362383000
49800000,0.003254014000
49900000,0.003250552000
50000000,0.003614339000
50100000,0.003262287000
50200000,0.003283605000
50300000,0.003270643000
50400000,0.003327556000
50500000,0.003363182000
50600000,0.003255523000
50700000,0.003511878000
50800000,0.003299812000
50900000,0.003263194000
51000000,0.003481954000
51100000,0.003265265000
51200000,0.003265436000
51300000,0.003249101000
51400000,0.003405416000
51500000,0.003383146000
51600000,0.003249719000
51700000,0.003342999000
51800000,0.003255733000
51900000,0.003282687000
52000000,0.003559596000
52100000,0.003212981000
52200000,0.003246952000
52300000,0.003255051000
52400000,0.003363665000
52500000,0.003404606000
52600000,0.003261269000
52700000,0.003446528000
52800000,0.003285508000
52900000,0.003434785000
53000000,0.003511958000
53100000,0.003221370000
53200000,0.003256143000
53300000,0.003295864000
53400000,0.003399589000
53500000,0.003419110000
53600000,0.003222160000
53700000,0.003546912000
53800000,0.003280395000
53900000,0.003338894000
54000000,0.003512683000
54100000,0.003567078000
54200000,0.003406256000
54300000,0.003388241000
54400000,0.003584179000
54500000,0.003351115000
54600000,0.003265582000
54700000,0.003612989000
54800000,0.003393722000
54900000,0.003351198000
55000000,0.003371217000
55100000,0.003326010000
55200000,0.003430896000
55300000,0.003405221000
55400000,0.003369288000
55500000,0.003434949000
55600000,0.003285724000
55700000,0.003473170000
55800000,0.003304463000
55900000,0.003369223000
56000000,0.003367881000
56100000,0.003290480000
56200000,0.003401380000
56300000,0.003340155000
56400000,0.003361284000
56500000,0.003376335000
56600000,0.003347418000
56700000,0.003405248000
56800000,0.003318274000
56900000,0.003431259000
57000000,0.003380100000
57100000,0.003328040000
57200000,0.003469118000
57300000,0.003326286000
57400000,0.003378494000
57500000,0.003382632000
57600000,0.003369414000
57700000,0.003366092000
57800000,0.003296224000
57900000,0.003386305000
58000000,0.003360444000
58100000,0.003454276000
58200000,0.003408173000
58300000,0.003284952000
58400000,0.003447382000
58500000,0.003347600000
58600000,0.003456242000
58700000,0.003303727000
58800000,0.003291647000
58900000,0.003468030000
59000000,0.003432412000
59100000,0.003441070000
59200000,0.003297561000
59300000,0.003347698000
59400000,0.003474172000
59500000,0.003321973000
59600000,0.003511034000
59700000,0.003286872000
59800000,0.003287527000
59900000,0.003497148000
60000000,0.003373173000
60100000,0.003516580000
60200000,0.003268988000
60300000,0.003266292000
60400000,0.003488005000
60500000,0.003348272000
60600000,0.003524221000
60700000,0.003290432000
60800000,0.003405707000
60900000,0.003441288000
61000000,0.003410432000
61100000,0.003461959000
61200000,0.003433580000
61300000,0.003450653000
61400000,0.003377431000
61500000,0.003422821000
61600000,0.003501439000
61700000,0.003295847000
61800000,0.003372681000
61900000,0.003485080000
62000000,0.003385755000
62100000,0.003482566000
62200000,0.003280920000
62300000,0.003411613000
62400000,0.003448265000
62500000,0.003445343000
62600000,0.003411074000
62700000,0.003286079000
62800000,0.003414362000
62900000,0.003458391000
63000000,0.003415749000
63100000,0.003326601000
63200000,0.003377305000
63300000,0.003461321000
63400000,0.003227601000
63500000,0.003399829000
63600000,0.003279129000
63700000,0.003293934000
63800000,0.003447559000
63900000,0.003300307000
64000000,0.003456470000
64100000,0.003296116000
64200000,0.003309102000
64300000,0.003447421000
64400000,0.003303616000
64500000,0.003483739000
64600000,0.003312238000
64700000,0.003313765000
64800000,0.003515005000
64900000,0.003353681000
65000000,0.003497705000
65100000,0.003334629000
65200000,0.003458564000
65300000,0.003401912000
65400000,0.003350472000
65500000,0.003453242000
65600000,0.003315401000
65700000,0.003375907000
65800000,0.003437561000
65900000,0.003303477000
66000000,0.003461549000
66100000,0.003304704000
66200000,0.003364016000
66300000,0.003385905000
66400000,0.003359661000
66500000,0.003466377000
66600000,0.003342860000
66700000,0.003370697000
66800000,0.003451432000
66900000,0.003365936000
67000000,0.003446614000
67100000,0.231023638000
67200000,0.003312931000
67300000,0.003318734000
67400000,0.003421948000
67500000,0.003325340000
67600000,0.003355916000
67700000,0.003445016000
67800000,0.003279038000
67900000,0.003374185000
68000000,0.003234514000
68100000,0.003348565000
68200000,0.003308720000
68300000,0.003259771000
68400000,0.003548810000
68500000,0.003224633000
68600000,0.003223982000
68700000,0.003408853000
68800000,0.003276045000
68900000,0.003349791000
69000000,0.003252782000
69100000,0.003307408000
69200000,0.003351004000
69300000,0.003304717000
69400000,0.003386999000
69500000,0.003246210000
69600000,0.003272915000
69700000,0.003537667000
69800000,0.003230949000
69900000,0.003400270000
70000000,0.003311125000
70100000,0.003239680000
70200000,0.003310957000
70300000,0.003257763000
70400000,0.003357221000
70500000,0.003241180000
70600000,0.003248980000
70700000,0.003309037000
70800000,0.003254114000
70900000,0.003343873000
71000000,0.003333942000
71100000,0.003266061000
71200000,0.003259332000
71300000,0.003262136000
71400000,0.003335393000
71500000,0.003256996000
71600000,0.003279105000
71700000,0.003270720000
71800000,0.003263801000
71900000,0.003322414000
72000000,0.003252136000
72100000,0.003278098000
72200000,0.003258307000
72300000,0.003254485000
72400000,0.003351070000
72500000,0.003245173000
72600000,0.003257813000
72700000,0.003258031000
72800000,0.003255726000
72900000,0.003345784000
73000000,0.003277763000
73100000,0.003276929000
73200000,0.003319066000
73300000,0.003237860000
73400000,0.003339884000
73500000,0.003440582000
73600000,0.003275018000
73700000,0.003238164000
73800000,0.003237813000
73900000,0.003361617000
74000000,0.003253294000
74100000,0.003265113000
74200000,0.003305418000
74300000,0.003254033000
74400000,0.003349732000
74500000,0.003268396000
74600000,0.003282882000
74700000,0.003299416000
74800000,0.003281386000
74900000,0.003314944000
75000000,0.003264462000
75100000,0.003258270000
75200000,0.003285336000
75300000,0.003268161000
75400000,0.003370138000
75500000,0.003262551000
75600000,0.003277544000
75700000,0.003318548000
75800000,0.003260341000
75900000,0.003353570000
76000000,0.003268185000
76100000,0.003490786000
76200000,0.003428538000
76300000,0.003264085000
76400000,0.003346387000
76500000,0.003266006000
76600000,0.003260342000
76700000,0.003308273000
76800000,0.003277492000
76900000,0.003268020000
77000000,0.003388920000
77100000,0.003259320000
77200000,0.003296665000
77300000,0.003264137000
77400000,0.003350302000
77500000,0.003286189000
77600000,0.003244096000
77700000,0.003274098000
77800000,0.003280833000
77900000,0.003290476000
78000000,0.003339983000
78100000,0.003297477000
78200000,0.003244632000
78300000,0.003271694000
78400000,0.003274506000
78500000,0.003369393000
78600000,0.003360092000
78700000,0.003241262000
78800000,0.003278730000
78900000,0.003290202000
79000000,0.003325324000
79100000,0.003307652000
79200000,0.003292046000
79300000,0.003270624000
79400000,0.003265489000
79500000,0.003335825000
79600000,0.003299792000
79700000,0.003241061000
79800000,0.003231383000
79900000,0.003281021000
80000000,0.003394798000
80100000,0.003275225000
80200000,0.003266539000
80300000,0.003255949000
80400000,0.003257852000
80500000,0.003346349000
80600000,0.003287193000
80700000,0.003243788000
80800000,0.003260505000
80900000,0.003262968000
81000000,0.003338018000
81100000,0.003318489000
81200000,0.003242349000
81300000,0.003256812000
81400000,0.003278725000
81500000,0.003344301000
81600000,0.003315803000
81700000,0.003260510000
81800000,0.003279085000
81900000,0.003261537000
82000000,0.003334029000
82100000,0.003323124000
82200000,0.003258469000
82300000,0.003279825000
82400000,0.003264101000
82500000,0.003355489000
82600000,0.003229084000
82700000,0.003234370000
82800000,0.003269129000
82900000,0.003237030000
83000000,0.003356328000
83100000,0.003233465000
83200000,0.003251451000
83300000,0.003262372000
83400000,0.003229583000
83500000,0.003366721000
83600000,0.003251144000
83700000,0.003237948000
83800000,0.003270862000
83900000,0.003238544000
84000000,0.003381983000
84100000,0.003249904000
84200000,0.003258462000
84300000,0.003236657000
84400000,0.003261375000
84500000,0.003352918000
84600000,0.003277225000
84700000,0.003254704000
84800000,0.003271179000
84900000,0.003278671000
85000000,0.003353306000
85100000,0.003273422000
85200000,0.003307520000
85300000,0.003291311000
85400000,0.003242049000
85500000,0.003233607000
85600000,0.003384005000
85700000,0.003254197000
85800000,0.003299882000
85900000,0.003251019000
86000000,0.003256599000
86100000,0.003275792000
86200000,0.003300137000
86300000,0.003260390000
86400000,0.003260510000
86500000,0.003456323000
86600000,0.003351152000
86700000,0.003278232000
86800000,0.003250856000
86900000,0.003251927000
87000000,0.003273774000
87100000,0.003340460000
87200000,0.003269372000
87300000,0.003231885000
87400000,0.003234143000
87500000,0.003232988000
87600000,0.003330689000
87700000,0.003262863000
87800000,0.003242311000
87900000,0.003228714000
88000000,0.003239448000
88100000,0.003353226000
88200000,0.003258857000
88300000,0.003256833000
88400000,0.003241459000
88500000,0.003232867000
88600000,0.003352091000
88700000,0.003252725000
88800000,0.003233564000
88900000,0.003239901000
89000000,0.003238832000
89100000,0.003357846000
89200000,0.003250758000
89300000,0.003247516000
89400000,0.003240097000
89500000,0.003268813000
89600000,0.003339606000
89700000,0.003230937000
89800000,0.003239023000
89900000,0.003266058000
90000000,0.003271952000
90100000,0.003350097000
90200000,0.003334595000
90300000,0.003242019000
90400000,0.003221300000
90500000,0.003258063000
90600000,0.003337037000
90700000,0.003224345000
90800000,0.003242359000
90900000,0.003233614000
91000000,0.003259420000
91100000,0.003335970000
91200000,0.003265024000
91300000,0.003248625000
91400000,0.003235521000
91500000,0.003278838000
91600000,0.003562047000
91700000,0.003281774000
91800000,0.003278134000
91900000,0.003235370000
92000000,0.003265235000
92100000,0.003328911000
92200000,0.003272690000
92300000,0.003259488000
92400000,0.003238802000
92500000,0.003258805000
92600000,0.003350988000
92700000,0.003399032000
92800000,0.003299164000
92900000,0.003234366000
93000000,0.003255044000
93100000,0.003250195000
93200000,0.003329502000
93300000,0.003257011000
93400000,0.003256782000
93500000,0.003266900000
93600000,0.003258275000
93700000,0.003309338000
93800000,0.003298364000
93900000,0.003232864000
94000000,0.003225914000
94100000,0.003235907000
94200000,0.003368762000
94300000,0.003284816000
94400000,0.003243362000
94500000,0.003255508000
94600000,0.003248126000
94700000,0.003335634000
94800000,0.003234907000
94900000,0.003257418000
95000000,0.003273797000
95100000,0.003290255000
95200000,0.003396366000
95300000,0.003230989000
95400000,0.003256973000
95500000,0.003260891000
95600000,0.003250435000
95700000,0.003326389000
95800000,0.003279407000
95900000,0.003266839000
96000000,0.003250296000
96100000,0.003240120000
96200000,0.003299613000
96300000,0.003230690000
96400000,0.003277816000
96500000,0.003238745000
96600000,0.003248529000
96700000,0.003313527000
96800000,0.003254457000
96900000,0.003292268000
97000000,0.003239888000
97100000,0.003211378000
97200000,0.003317060000
97300000,0.003252870000
97400000,0.003249403000
97500000,0.003247769000
97600000,0.003261718000
97700000,0.003330650000
97800000,0.003263903000
97900000,0.003269288000
98000000,0.003234352000
98100000,0.003239078000
98200000,0.003265164000
98300000,0.003345371000
98400000,0.003270188000
98500000,0.003246439000
98600000,0.003239230000
98700000,0.003255030000
98800000,0.003279306000
98900000,0.003258683000
99000000,0.003237092000
99100000,0.003231226000
99200000,0.003231084000
99300000,0.003336467000
99400000,0.003236683000
99500000,0.003220881000
99600000,0.003226800000
99700000,0.003228230000
99800000,0.003325483000
99900000,0.003254905000
