0,0.000007337000
1000,0.000012372000
2000,0.000016540000
3000,0.000007969000
4000,0.000022767000
5000,0.000007987000
6000,0.000008005000
7000,0.000008060000
8000,0.000035628000
9000,0.000008063000
10000,0.000007915000
11000,0.000007987000
12000,0.000008049000
13000,0.000008062000
14000,0.000007920000
15000,0.000008052000
16000,0.000068656000
17000,0.000008259000
18000,0.000007864000
19000,0.000008020000
20000,0.000007935000
21000,0.000008026000
22000,0.000007961000
23000,0.000007870000
24000,0.000008183000
25000,0.000008095000
26000,0.000007979000
27000,0.000008094000
28000,0.000007942000
29000,0.000007951000
30000,0.000008145000
31000,0.000009397000
32000,0.000131915000
33000,0.000008145000
34000,0.000007702000
35000,0.000007814000
36000,0.000007654000
37000,0.000007797000
38000,0.000007742000
39000,0.000007684000
40000,0.000007763000
41000,0.000007777000
42000,0.000006905000
43000,0.000007871000
44000,0.000008036000
45000,0.000008177000
46000,0.000007815000
47000,0.000008160000
48000,0.000009427000
49000,0.000008154000
50000,0.000007997000
51000,0.000007985000
52000,0.000007754000
53000,0.000007923000
54000,0.000008034000
55000,0.000008058000
56000,0.000007778000
57000,0.000008170000
58000,0.000008223000
59000,0.000015891000
60000,0.000008037000
61000,0.000007835000
62000,0.000007909000
63000,0.000009720000
64000,0.000008185000
65000,0.000241709000
66000,0.000008414000
67000,0.000007882000
68000,0.000008086000
69000,0.000008423000
70000,0.000007825000
71000,0.000007756000
72000,0.000008095000
73000,0.000008344000
74000,0.000007957000
75000,0.000007980000
76000,0.000008047000
77000,0.000007938000
78000,0.000007830000
79000,0.000007985000
80000,0.000009552000
81000,0.000007830000
82000,0.000008155000
83000,0.000008039000
84000,0.000007988000
85000,0.000006708000
86000,0.000008104000
87000,0.000007843000
88000,0.000007932000
89000,0.000007836000
90000,0.000008055000
91000,0.000008087000
92000,0.000008005000
93000,0.000008040000
94000,0.000007815000
95000,0.000007868000
96000,0.000009582000
97000,0.000008205000
98000,0.000007974000
99000,0.000007834000
100000,0.000008075000
101000,0.000008118000
102000,0.000008235000
103000,0.000008048000
104000,0.000007883000
105000,0.000008212000
106000,0.000008173000
107000,0.000008042000
108000,0.000008170000
109000,0.000008115000
110000,0.000008192000
111000,0.000009876000
112000,0.000008193000
113000,0.000007900000
114000,0.000008047000
115000,0.000008153000
116000,0.000008038000
117000,0.000008160000
118000,0.000008121000
119000,0.000007745000
120000,0.000008114000
121000,0.000008043000
122000,0.000007997000
123000,0.000008210000
124000,0.000008294000
125000,0.000007985000
126000,0.000009585000
127000,0.000008252000
128000,0.000007131000
129000,0.000008203000
130000,0.000007800000
131000,0.000461897000
132000,0.000008487000
133000,0.000007950000
134000,0.000008307000
135000,0.000008228000
136000,0.000007968000
137000,0.000008325000
138000,0.000008337000
139000,0.000008255000
140000,0.000007885000
141000,0.000008107000
142000,0.000008227000
143000,0.000008160000
144000,0.000008100000
145000,0.000008215000
146000,0.000009816000
147000,0.000008168000
148000,0.000008234000
149000,0.000008323000
150000,0.000008087000
151000,0.000008161000
152000,0.000008196000
153000,0.000008291000
154000,0.000007926000
155000,0.000008518000
156000,0.000008483000
157000,0.000008309000
158000,0.000008100000
159000,0.000008262000
160000,0.000008401000
161000,0.000009810000
162000,0.000008085000
163000,0.000008338000
164000,0.000007945000
165000,0.000008257000
166000,0.000007831000
167000,0.000008033000
168000,0.000008173000
169000,0.000008108000
170000,0.000006937000
171000,0.000008029000
172000,0.000007832000
173000,0.000008363000
174000,0.000008174000
175000,0.000008169000
176000,0.000008480000
177000,0.000009621000
178000,0.000007993000
179000,0.000008389000
180000,0.000008383000
181000,0.000007916000
182000,0.000008160000
183000,0.000008205000
184000,0.000008048000
185000,0.000008084000
186000,0.000008126000
187000,0.000008039000
188000,0.000008245000
189000,0.000007959000
190000,0.000008170000
191000,0.000008252000
192000,0.000008206000
193000,0.000008214000
194000,0.000008204000
195000,0.000008292000
196000,0.000008371000
197000,0.000007888000
198000,0.000008320000
199000,0.000008162000
200000,0.000008098000
201000,0.000008045000
202000,0.000008213000
203000,0.000008212000
204000,0.000008085000
205000,0.000008075000
206000,0.000009674000
207000,0.000008276000
208000,0.000008210000
209000,0.000008271000
210000,0.000008342000
211000,0.000008244000
212000,0.000007819000
213000,0.000007135000
214000,0.000007890000
215000,0.000008309000
216000,0.000008006000
217000,0.000008212000
218000,0.000007960000
219000,0.000008207000
220000,0.000007920000
221000,0.000007905000
222000,0.000009273000
223000,0.000008215000
224000,0.000007990000
225000,0.000008109000
226000,0.000008089000
227000,0.000007894000
228000,0.000007936000
229000,0.000008055000
230000,0.000007925000
231000,0.000007886000
232000,0.000007771000
233000,0.000007873000
234000,0.000008144000
235000,0.000008251000
236000,0.000008064000
237000,0.000009697000
238000,0.000008181000
239000,0.000008144000
240000,0.000008425000
241000,0.000008382000
242000,0.000008102000
243000,0.000008142000
244000,0.000007942000
245000,0.000008086000
246000,0.000008204000
247000,0.000008158000
248000,0.000007888000
249000,0.000007947000
250000,0.000007860000
251000,0.000007885000
252000,0.000009616000
253000,0.000008255000
254000,0.000008045000
255000,0.000008246000
256000,0.000006958000
257000,0.000008083000
258000,0.000008204000
259000,0.000008243000
260000,0.000008158000
261000,0.000007897000
262000,0.000964411000
263000,0.000008339000
264000,0.000008021000
265000,0.000007739000
266000,0.000008194000
267000,0.000008092000
268000,0.000008064000
269000,0.000007892000
270000,0.000008205000
271000,0.000008149000
272000,0.000007982000
273000,0.000007915000
274000,0.000007780000
275000,0.000008001000
276000,0.000007878000
277000,0.000009323000
278000,0.000007944000
279000,0.000007942000
280000,0.000008092000
281000,0.000007860000
282000,0.000008313000
283000,0.000007901000
284000,0.000008059000
285000,0.000007954000
286000,0.000008002000
287000,0.000007926000
288000,0.000007786000
289000,0.000007993000
290000,0.000007898000
291000,0.000007951000
292000,0.000009491000
293000,0.000007933000
294000,0.000007938000
295000,0.000008240000
296000,0.000007832000
297000,0.000008355000
298000,0.000007023000
299000,0.000007875000
300000,0.000007780000
301000,0.000008188000
302000,0.000007861000
303000,0.000008035000
304000,0.000008221000
305000,0.000008127000
306000,0.000008092000
307000,0.000008317000
308000,0.000009480000
309000,0.000008243000
310000,0.000008838000
311000,0.000008349000
312000,0.000007914000
313000,0.000008213000
314000,0.000008034000
315000,0.000008258000
316000,0.000008000000
317000,0.000007983000
318000,0.000007898000
319000,0.000008048000
320000,0.000008215000
321000,0.000008057000
322000,0.000007994000
323000,0.000009792000
324000,0.000008239000
325000,0.000008121000
326000,0.000008159000
327000,0.000008282000
328000,0.000007906000
329000,0.000008372000
330000,0.000007983000
331000,0.000007919000
332000,0.000008189000
333000,0.000008101000
334000,0.000007892000
335000,0.000008254000
336000,0.000008464000
337000,0.000007916000
338000,0.000010131000
339000,0.000008185000
340000,0.000008067000
341000,0.000006739000
342000,0.000008281000
343000,0.000008116000
344000,0.000008312000
345000,0.000008234000
346000,0.000008130000
347000,0.000007990000
348000,0.000008285000
349000,0.000007748000
350000,0.000008310000
351000,0.000008218000
352000,0.000008259000
353000,0.000008127000
354000,0.000009680000
355000,0.000008182000
356000,0.000008314000
357000,0.000007892000
358000,0.000008850000
359000,0.000008306000
360000,0.000008175000
361000,0.000007943000
362000,0.000008478000
363000,0.000008106000
364000,0.000008191000
365000,0.000007917000
366000,0.000008244000
367000,0.000008202000
368000,0.000008174000
369000,0.000010072000
370000,0.000008252000
371000,0.000008344000
372000,0.000008196000
373000,0.000008270000
374000,0.000008120000
375000,0.000008036000
376000,0.000008025000
377000,0.000007884000
378000,0.000008283000
379000,0.000008133000
380000,0.000008045000
381000,0.000008198000
382000,0.000007910000
383000,0.000009626000
384000,0.000006967000
385000,0.000008260000
386000,0.000008098000
387000,0.000008424000
388000,0.000008173000
389000,0.000008108000
390000,0.000008240000
391000,0.000008158000
392000,0.000007800000
393000,0.000008744000
394000,0.000008145000
395000,0.000008153000
396000,0.000008199000
397000,0.000008192000
398000,0.000007800000
399000,0.000009826000
400000,0.000007911000
401000,0.000008630000
402000,0.000008157000
403000,0.000008810000
404000,0.000008142000
405000,0.000008390000
406000,0.000007940000
407000,0.000008300000
408000,0.000007882000
409000,0.000008202000
410000,0.000007837000
411000,0.000008004000
412000,0.000007937000
413000,0.000008011000
414000,0.000009531000
415000,0.000008245000
416000,0.000008042000
417000,0.000007983000
418000,0.000008022000
419000,0.000008294000
420000,0.000007978000
421000,0.000008043000
422000,0.000008246000
423000,0.000008120000
424000,0.000007789000
425000,0.000008183000
426000,0.000007062000
427000,0.000007812000
428000,0.000007888000
429000,0.000007897000
430000,0.000009596000
431000,0.000008397000
432000,0.000008100000
433000,0.000007824000
434000,0.000008092000
435000,0.000007914000
436000,0.000008343000
437000,0.000008406000
438000,0.000008262000
439000,0.000008207000
440000,0.000008176000
441000,0.000008025000
442000,0.000007841000
443000,0.000007962000
444000,0.000008265000
445000,0.000009432000
446000,0.000008338000
447000,0.000007928000
448000,0.000008670000
449000,0.000008268000
450000,0.000008205000
451000,0.000008106000
452000,0.000008271000
453000,0.000008192000
454000,0.000008358000
455000,0.000008094000
456000,0.000008058000
457000,0.000008201000
458000,0.000008047000
459000,0.000008296000
460000,0.000009649000
461000,0.000008160000
462000,0.000007991000
463000,0.000008323000
464000,0.000008186000
465000,0.000008016000
466000,0.000007800000
467000,0.000008105000
468000,0.000007571000
469000,0.000006978000
470000,0.000007702000
471000,0.000007966000
472000,0.000007812000
473000,0.000007856000
474000,0.000007665000
475000,0.000008086000
476000,0.000009106000
477000,0.000007895000
478000,0.000007837000
479000,0.000008014000
480000,0.000007805000
481000,0.000007918000
482000,0.000007829000
483000,0.000007771000
484000,0.000007681000
485000,0.000007861000
486000,0.000007822000
487000,0.000007806000
488000,0.000007588000
489000,0.000007992000
490000,0.000008036000
491000,0.000009430000
492000,0.000008115000
493000,0.000008025000
494000,0.000007875000
495000,0.000007838000
496000,0.000007739000
497000,0.000008319000
498000,0.000008085000
499000,0.000008182000
500000,0.000007945000
501000,0.000007943000
502000,0.000007882000
503000,0.000007625000
504000,0.000007548000
505000,0.000007811000
506000,0.000009250000
507000,0.000007836000
508000,0.000007838000
509000,0.000008022000
510000,0.000007828000
511000,0.000007943000
512000,0.000006697000
513000,0.000007896000
514000,0.000007772000
515000,0.000007634000
516000,0.000007709000
517000,0.000008233000
518000,0.000007897000
519000,0.000008128000
520000,0.000007735000
521000,0.000007757000
522000,0.000009383000
523000,0.000007702000
524000,0.001796557000
525000,0.000008445000
526000,0.000007877000
527000,0.000007900000
528000,0.000008165000
529000,0.000008106000
530000,0.000007962000
531000,0.000007752000
532000,0.000007904000
533000,0.000008090000
534000,0.000008210000
535000,0.000007640000
536000,0.000007934000
537000,0.000007602000
538000,0.000007690000
539000,0.000009156000
540000,0.000007973000
541000,0.000007999000
542000,0.000007759000
543000,0.000007580000
544000,0.000007825000
545000,0.000007613000
546000,0.000007807000
547000,0.000007682000
548000,0.000007751000
549000,0.000007747000
550000,0.000007688000
551000,0.000007975000
552000,0.000008041000
553000,0.000008189000
554000,0.000006676000
555000,0.000009257000
556000,0.000007572000
557000,0.000008002000
558000,0.000007744000
559000,0.000007647000
560000,0.000008201000
561000,0.000007898000
562000,0.000007733000
563000,0.000007721000
564000,0.000007811000
565000,0.000007939000
566000,0.000007713000
567000,0.000007807000
568000,0.000007585000
569000,0.000009269000
570000,0.000007765000
571000,0.000008087000
572000,0.000007627000
573000,0.000007962000
574000,0.000007642000
575000,0.000008215000
576000,0.000007598000
577000,0.000007847000
578000,0.000007692000
579000,0.000007701000
580000,0.000007828000
581000,0.000007772000
582000,0.000007696000
583000,0.000008001000
584000,0.000009468000
585000,0.000007742000
586000,0.000007832000
587000,0.000007942000
588000,0.000018756000
589000,0.000008011000
590000,0.000008055000
591000,0.000008005000
592000,0.000007641000
593000,0.000007761000
594000,0.000007987000
595000,0.000007557000
596000,0.000007646000
597000,0.000006596000
598000,0.000007901000
599000,0.000007660000
600000,0.000009354000
601000,0.000007706000
602000,0.000008066000
603000,0.000007855000
604000,0.000007867000
605000,0.000007793000
606000,0.000008001000
607000,0.000007716000
608000,0.000007898000
609000,0.000007625000
610000,0.000007701000
611000,0.000007995000
612000,0.000008070000
613000,0.000007614000
614000,0.000007692000
615000,0.000009030000
616000,0.000007985000
617000,0.000008122000
618000,0.000007785000
619000,0.000007805000
620000,0.000007695000
621000,0.000007561000
622000,0.000008123000
623000,0.000007788000
624000,0.000007877000
625000,0.000007668000
626000,0.000008546000
627000,0.000007858000
628000,0.000007845000
629000,0.000007544000
630000,0.000009185000
631000,0.000007707000
632000,0.000007935000
633000,0.000007886000
634000,0.000007567000
635000,0.000007532000
636000,0.000007773000
637000,0.000008135000
638000,0.000007646000
639000,0.000007811000
640000,0.000006760000
641000,0.000007800000
642000,0.000008060000
643000,0.000007975000
644000,0.000007709000
645000,0.000007753000
646000,0.000009190000
647000,0.000007915000
648000,0.000007632000
649000,0.000008023000
650000,0.000007705000
651000,0.000007854000
652000,0.000007678000
653000,0.000007901000
654000,0.000007729000
655000,0.000008342000
656000,0.000007592000
657000,0.000008122000
658000,0.000007610000
659000,0.000008249000
660000,0.000008028000
661000,0.000009314000
662000,0.000007653000
663000,0.000007854000
664000,0.000007949000
665000,0.000007726000
666000,0.000007645000
667000,0.000007755000
668000,0.000007760000
669000,0.000007926000
670000,0.000007898000
671000,0.000007831000
672000,0.000007875000
673000,0.000007697000
674000,0.000008058000
675000,0.000007975000
676000,0.000009764000
677000,0.000007808000
678000,0.000008026000
679000,0.000007589000
680000,0.000007715000
681000,0.000007571000
682000,0.000006745000
683000,0.000007574000
684000,0.000007515000
685000,0.000007636000
686000,0.000008010000
687000,0.000008056000
688000,0.000007970000
689000,0.000008030000
690000,0.000007907000
691000,0.000007881000
692000,0.000009485000
693000,0.000007861000
694000,0.000008111000
695000,0.000007695000
696000,0.000007743000
697000,0.000007904000
698000,0.000007910000
699000,0.000007909000
700000,0.000007786000
701000,0.000007735000
702000,0.000008103000
703000,0.000007937000
704000,0.000007670000
705000,0.000007640000
706000,0.000007747000
707000,0.000009116000
708000,0.000008013000
709000,0.000007959000
710000,0.000007716000
711000,0.000007722000
712000,0.000007858000
713000,0.000007946000
714000,0.000008228000
715000,0.000007972000
716000,0.000007816000
717000,0.000007730000
718000,0.000007624000
719000,0.000007875000
720000,0.000008044000
721000,0.000007663000
722000,0.000009305000
723000,0.000007844000
724000,0.000007695000
725000,0.000006799000
726000,0.000007744000
727000,0.000007907000
728000,0.000007733000
729000,0.000007809000
730000,0.000007859000
731000,0.000007484000
732000,0.000007655000
733000,0.000007997000
734000,0.000007858000
735000,0.000007909000
736000,0.000007867000
737000,0.000008167000
738000,0.000009206000
739000,0.000007813000
740000,0.000007604000
741000,0.000007553000
742000,0.000007586000
743000,0.000007999000
744000,0.000007990000
745000,0.000007925000
746000,0.000007644000
747000,0.000007538000
748000,0.000007656000
749000,0.000007872000
750000,0.000008082000
751000,0.000007839000
752000,0.000009105000
753000,0.000008070000
754000,0.000007792000
755000,0.000007659000
756000,0.000008264000
757000,0.000008255000
758000,0.000008117000
759000,0.000007946000
760000,0.000007775000
761000,0.000008140000
762000,0.000007980000
763000,0.000008253000
764000,0.000007913000
765000,0.000007599000
766000,0.000007876000
767000,0.000009496000
768000,0.000006795000
769000,0.000007721000
770000,0.000007674000
771000,0.000008095000
772000,0.000007673000
773000,0.000007881000
774000,0.000008101000
775000,0.000007627000
776000,0.000008184000
777000,0.000008019000
778000,0.000007741000
779000,0.000007937000
780000,0.000008142000
781000,0.000007567000
782000,0.000008043000
783000,0.000008969000
784000,0.000008215000
785000,0.000007860000
786000,0.000008448000
787000,0.000007673000
788000,0.000007879000
789000,0.000007990000
790000,0.000008214000
791000,0.000007865000
792000,0.000007684000
793000,0.000008192000
794000,0.000007985000
795000,0.000007844000
796000,0.000007687000
797000,0.000007726000
798000,0.000008954000
799000,0.000007947000
800000,0.000007785000
801000,0.000007703000
802000,0.000007664000
803000,0.000007880000
804000,0.000007945000
805000,0.000007835000
806000,0.000007615000
807000,0.000007914000
808000,0.000007705000
809000,0.000007815000
810000,0.000006826000
811000,0.000008132000
812000,0.000007616000
813000,0.000008070000
814000,0.000009161000
815000,0.000007825000
816000,0.000007714000
817000,0.000007617000
818000,0.000008137000
819000,0.000007880000
820000,0.000007910000
821000,0.000008031000
822000,0.000007907000
823000,0.000008037000
824000,0.000007669000
825000,0.000008238000
826000,0.000007980000
827000,0.000008405000
828000,0.000007690000
829000,0.000009174000
830000,0.000007898000
831000,0.000007680000
832000,0.000007522000
833000,0.000007508000
834000,0.000007833000
835000,0.000007753000
836000,0.000007832000
837000,0.000007969000
838000,0.000007794000
839000,0.000008267000
840000,0.000007753000
841000,0.000007852000
842000,0.000007721000
843000,0.000007835000
844000,0.000009069000
845000,0.000007936000
846000,0.000007889000
847000,0.000008067000
848000,0.000008030000
849000,0.000007593000
850000,0.000007840000
851000,0.000007837000
852000,0.000007860000
853000,0.000007075000
854000,0.000009149000
855000,0.000007886000
856000,0.000007944000
857000,0.000007886000
858000,0.000007811000
859000,0.000008028000
860000,0.000009147000
861000,0.000007791000
862000,0.000007965000
863000,0.000007958000
864000,0.000007774000
865000,0.000016957000
866000,0.000007782000
867000,0.000008119000
868000,0.000008049000
869000,0.000008010000
870000,0.000007787000
871000,0.000007929000
872000,0.000007644000
873000,0.000007694000
874000,0.000007880000
875000,0.000009042000
876000,0.000007941000
877000,0.000007986000
878000,0.000007817000
879000,0.000007652000
880000,0.000008164000
881000,0.000008040000
882000,0.000007905000
883000,0.000008076000
884000,0.000007870000
885000,0.000007824000
886000,0.000007895000
887000,0.000008072000
888000,0.000007740000
889000,0.000007908000
890000,0.000009433000
891000,0.000008056000
892000,0.000007743000
893000,0.000007867000
894000,0.000007755000
895000,0.000007888000
896000,0.000006966000
897000,0.000007979000
898000,0.000007737000
899000,0.000007937000
900000,0.000008004000
901000,0.000008014000
902000,0.000007715000
903000,0.000008110000
904000,0.000007771000
905000,0.000007680000
906000,0.000009043000
907000,0.000007719000
908000,0.000007792000
909000,0.000007943000
910000,0.000007715000
911000,0.000008218000
912000,0.000007651000
913000,0.000007592000
914000,0.000007522000
915000,0.000007471000
916000,0.000007799000
917000,0.000007626000
918000,0.000009410000
919000,0.000008061000
920000,0.000007858000
921000,0.000009544000
922000,0.000007866000
923000,0.000007861000
924000,0.000007796000
925000,0.000007517000
926000,0.000007592000
927000,0.000007882000
928000,0.000007751000
929000,0.000008288000
930000,0.000008200000
931000,0.000007898000
932000,0.000008064000
933000,0.000007854000
934000,0.000007979000
935000,0.000007981000
936000,0.000009466000
937000,0.000007597000
938000,0.000006736000
939000,0.000007594000
940000,0.000008013000
941000,0.000007738000
942000,0.000007871000
943000,0.000007769000
944000,0.000007997000
945000,0.000007691000
946000,0.000008026000
947000,0.000007853000
948000,0.000007980000
949000,0.000008248000
950000,0.000007940000
951000,0.000009362000
952000,0.000008047000
953000,0.000007893000
954000,0.000007685000
955000,0.000007915000
956000,0.000007790000
957000,0.000007888000
958000,0.000007923000
959000,0.000007950000
960000,0.000007912000
961000,0.000007755000
962000,0.000008008000
963000,0.000007550000
964000,0.000007924000
965000,0.000008278000
966000,0.000009341000
967000,0.000007834000
968000,0.000007976000
969000,0.000007535000
970000,0.000008238000
971000,0.000008105000
972000,0.000007880000
973000,0.000008012000
974000,0.000007617000
975000,0.000007790000
976000,0.000008200000
977000,0.000007868000
978000,0.000007748000
979000,0.000007928000
980000,0.000007480000
981000,0.000006816000
982000,0.000010480000
983000,0.000007890000
984000,0.000007542000
985000,0.000007949000
986000,0.000007715000
987000,0.000007855000
988000,0.000007682000
989000,0.000007849000
990000,0.000007707000
991000,0.000007734000
992000,0.000007708000
993000,0.000007784000
994000,0.000007949000
995000,0.000007530000
996000,0.000007858000
997000,0.000009372000
998000,0.000008002000
999000,0.000007889000
