100000000,0.119978000000
99900000,0.119950000000
99800000,0.123969000000
99700000,0.115988000000
99600000,0.099955000000
99500000,0.087979000000
99400000,0.087979000000
99300000,0.083976000000
99200000,0.087982000000
99100000,0.135965000000
99000000,0.071981000000
98900000,0.075978000000
98800000,0.076000000000
98700000,0.075962000000
98600000,0.075999000000
98500000,0.075984000000
98400000,0.075967000000
98300000,0.079974000000
98200000,0.075981000000
98100000,0.083980000000
98000000,0.071981000000
97900000,0.083978000000
97800000,0.075981000000
97700000,0.071982000000
97600000,0.075982000000
97500000,0.075981000000
97400000,0.075980000000
97300000,0.079980000000
97200000,0.071982000000
97100000,0.072001000000
97000000,0.079979000000
96900000,0.071983000000
96800000,0.067963000000
96700000,0.084002000000
96600000,0.131945000000
96500000,0.095991000000
96400000,0.079965000000
96300000,0.075980000000
96200000,0.071982000000
96100000,0.075981000000
96000000,0.071984000000
95900000,0.131991000000
95800000,0.143944000000
95700000,0.131962000000
95600000,0.151964000000
95500000,0.115974000000
95400000,0.083975000000
95300000,0.083995000000
95200000,0.075963000000
95100000,0.075982000000
95000000,0.076002000000
94900000,0.075957000000
94800000,0.071982000000
94700000,0.071982000000
94600000,0.072001000000
94500000,0.071964000000
94400000,0.071981000000
94300000,0.067983000000
94200000,0.071983000000
94100000,0.071982000000
94000000,0.067983000000
93900000,0.083980000000
93800000,0.127990000000
93700000,0.139946000000
93600000,0.131985000000
93500000,0.099959000000
93400000,0.119968000000
93300000,0.135966000000
93200000,0.131963000000
93100000,0.111970000000
93000000,0.079979000000
92900000,0.139968000000
92800000,0.083980000000
92700000,0.075983000000
92600000,0.087990000000
92500000,0.087963000000
92400000,0.095991000000
92300000,0.091962000000
92200000,0.087977000000
92100000,0.091978000000
92000000,0.079977000000
91900000,0.079999000000
91800000,0.143949000000
91700000,0.111971000000
91600000,0.103971000000
91500000,0.071983000000
91400000,0.071984000000
91300000,0.127966000000
91200000,0.103989000000
91100000,0.083980000000
91000000,0.143948000000
90900000,0.115992000000
90800000,0.115970000000
90700000,0.159948000000
90600000,0.175948000000
90500000,0.167964000000
90400000,0.179979000000
90300000,0.115961000000
90200000,0.091956000000
90100000,0.083994000000
90000000,0.095965000000
89900000,0.075978000000
89800000,0.072001000000
89700000,0.071963000000
89600000,0.071999000000
89500000,0.067964000000
89400000,0.083995000000
89300000,0.083982000000
89200000,0.067984000000
89100000,0.143951000000
89000000,0.131985000000
88900000,0.119962000000
88800000,0.091961000000
88700000,0.091993000000
88600000,0.087961000000
88500000,0.087979000000
88400000,0.068000000000
88300000,0.067965000000
88200000,0.071981000000
88100000,0.123971000000
88000000,0.075980000000
87900000,0.071982000000
87800000,0.091976000000
87700000,0.091977000000
87600000,0.083978000000
87500000,0.091977000000
87400000,0.076006000000
87300000,0.071974000000
87200000,0.075964000000
87100000,0.079999000000
87000000,0.071985000000
86900000,0.075962000000
86800000,0.075981000000
86700000,0.071998000000
86600000,0.079963000000
86500000,0.075983000000
86400000,0.067985000000
86300000,0.079973000000
86200000,0.079983000000
86100000,0.075981000000
86000000,0.087981000000
85900000,0.127984000000
85800000,0.087958000000
85700000,0.151963000000
85600000,0.159962000000
85500000,0.071996000000
85400000,0.071962000000
85300000,0.079981000000
85200000,0.075981000000
85100000,0.075982000000
85000000,0.071980000000
84900000,0.071984000000
84800000,0.072000000000
84700000,0.071964000000
84600000,0.071999000000
84500000,0.075964000000
84400000,0.071982000000
84300000,0.071981000000
84200000,0.071982000000
84100000,0.075999000000
84000000,0.071982000000
83900000,0.067965000000
83800000,0.076000000000
83700000,0.075979000000
83600000,0.067984000000
83500000,0.071981000000
83400000,0.071965000000
83300000,0.087982000000
83200000,0.155958000000
83100000,0.147961000000
83000000,0.119969000000
82900000,0.091983000000
82800000,0.095975000000
82700000,0.095971000000
82600000,0.076005000000
82500000,0.115969000000
82400000,0.123970000000
82300000,0.167935000000
82200000,0.127964000000
82100000,0.151970000000
82000000,0.159951000000
81900000,0.071983000000
81800000,0.071981000000
81700000,0.075981000000
81600000,0.072005000000
81500000,0.075960000000
81400000,0.079980000000
81300000,0.079980000000
81200000,0.071981000000
81100000,0.067983000000
81000000,0.068000000000
80900000,0.071963000000
80800000,0.067985000000
80700000,0.067982000000
80600000,0.067982000000
80500000,0.083985000000
80400000,0.123981000000
80300000,0.087960000000
80200000,0.111975000000
80100000,0.159958000000
80000000,0.151965000000
79900000,0.103976000000
79800000,0.099992000000
79700000,0.131946000000
79600000,0.087978000000
79500000,0.091990000000
79400000,0.087986000000
79300000,0.067960000000
79200000,0.072006000000
79100000,0.071975000000
79000000,0.075962000000
78900000,0.079981000000
78800000,0.075981000000
78700000,0.079980000000
78600000,0.075995000000
78500000,0.071986000000
78400000,0.079961000000
78300000,0.067983000000
78200000,0.071982000000
78100000,0.075981000000
78000000,0.099999000000
77900000,0.071977000000
77800000,0.071981000000
77700000,0.071964000000
77600000,0.076000000000
77500000,0.071964000000
77400000,0.075981000000
77300000,0.071996000000
77200000,0.071966000000
77100000,0.071984000000
77000000,0.067982000000
76900000,0.071995000000
76800000,0.067969000000
76700000,0.091981000000
76600000,0.119968000000
76500000,0.123968000000
76400000,0.131971000000
76300000,0.127985000000
76200000,0.131968000000
76100000,0.127947000000
76000000,0.123968000000
75900000,0.099995000000
75800000,0.163946000000
75700000,0.183976000000
75600000,0.187926000000
75500000,0.183952000000
75400000,0.179962000000
75300000,0.175950000000
75200000,0.147975000000
75100000,0.075965000000
75000000,0.079983000000
74900000,0.139964000000
74800000,0.147968000000
74700000,0.123979000000
74600000,0.127956000000
74500000,0.167984000000
74400000,0.167930000000
74300000,0.107990000000
74200000,0.127979000000
74100000,0.171926000000
74000000,0.107993000000
73900000,0.107972000000
73800000,0.127980000000
73700000,0.179930000000
73600000,0.187949000000
73500000,0.127987000000
73400000,0.119953000000
73300000,0.127968000000
73200000,0.099969000000
73100000,0.068001000000
73000000,0.099980000000
72900000,0.139974000000
72800000,0.183953000000
72700000,0.183930000000
72600000,0.175958000000
72500000,0.175977000000
72400000,0.179957000000
72300000,0.211924000000
72200000,0.199945000000
72100000,0.143967000000
72000000,0.147964000000
71900000,0.147964000000
71800000,0.127983000000
71700000,0.087975000000
71600000,0.111985000000
71500000,0.123938000000
71400000,0.107972000000
71300000,0.067985000000
71200000,0.068001000000
71100000,0.067964000000
71000000,0.075981000000
70900000,0.067984000000
70800000,0.072004000000
70700000,0.071959000000
70600000,0.067985000000
70500000,0.072002000000
70400000,0.067979000000
70300000,0.067982000000
70200000,0.083978000000
70100000,0.091979000000
70000000,0.083962000000
69900000,0.119973000000
69800000,0.123987000000
69700000,0.095970000000
69600000,0.063968000000
69500000,0.095976000000
69400000,0.119991000000
69300000,0.119948000000
69200000,0.167988000000
69100000,0.175956000000
69000000,0.179954000000
68900000,0.179927000000
68800000,0.147981000000
68700000,0.107954000000
68600000,0.107992000000
68500000,0.115953000000
68400000,0.175984000000
68300000,0.175956000000
68200000,0.171946000000
68100000,0.135950000000
68000000,0.175984000000
67900000,0.147932000000
67800000,0.139964000000
67700000,0.107993000000
67600000,0.171969000000
67500000,0.099957000000
67400000,0.107959000000
67300000,0.087977000000
67200000,0.095981000000
67100000,0.107968000000
67000000,0.095981000000
66900000,0.119988000000
66800000,0.103952000000
66700000,0.123975000000
66600000,0.171956000000
66500000,0.171981000000
66400000,0.143934000000
66300000,0.123970000000
66200000,0.103989000000
66100000,0.159964000000
66000000,0.107956000000
65900000,0.107990000000
65800000,0.115966000000
65700000,0.071981000000
65600000,0.131978000000
65500000,0.139945000000
65400000,0.143967000000
65300000,0.175950000000
65200000,0.179982000000
65100000,0.171935000000
65000000,0.171979000000
64900000,0.159933000000
64800000,0.107989000000
64700000,0.175945000000
64600000,0.171954000000
64500000,0.167956000000
64400000,0.107973000000
64300000,0.107972000000
64200000,0.079977000000
64100000,0.107978000000
64000000,0.139960000000
63900000,0.139991000000
63800000,0.155965000000
63700000,0.131940000000
63600000,0.175957000000
63500000,0.123987000000
63400000,0.171936000000
63300000,0.175986000000
63200000,0.175955000000
63100000,0.139953000000
63000000,0.163939000000
62900000,0.107993000000
62800000,0.147947000000
62700000,0.107969000000
62600000,0.103976000000
62500000,0.091974000000
62400000,0.127993000000
62300000,0.127949000000
62200000,0.163962000000
62100000,0.119984000000
62000000,0.175964000000
61900000,0.119943000000
61800000,0.115967000000
61700000,0.096002000000
61600000,0.135939000000
61500000,0.123995000000
61400000,0.135966000000
61300000,0.167964000000
61200000,0.179926000000
61100000,0.183982000000
61000000,0.179956000000
60900000,0.143937000000
60800000,0.139991000000
60700000,0.175954000000
60600000,0.171930000000
60500000,0.179961000000
60400000,0.095968000000
60300000,0.071980000000
60200000,0.095977000000
60100000,0.127970000000
60000000,0.163987000000
59900000,0.171935000000
59800000,0.115977000000
59700000,0.099966000000
59600000,0.127990000000
59500000,0.127945000000
59400000,0.155963000000
59300000,0.171952000000
59200000,0.171958000000
59100000,0.155980000000
59000000,0.159946000000
58900000,0.119962000000
58800000,0.107992000000
58700000,0.103974000000
58600000,0.171940000000
58500000,0.171984000000
58400000,0.175932000000
58300000,0.171952000000
58200000,0.103973000000
58100000,0.103976000000
58000000,0.103991000000
57900000,0.155971000000
57800000,0.171930000000
57700000,0.151960000000
57600000,0.119970000000
57500000,0.095991000000
57400000,0.083968000000
57300000,0.063979000000
57200000,0.064001000000
57100000,0.059986000000
57000000,0.087961000000
56900000,0.079994000000
56800000,0.083965000000
56700000,0.083995000000
56600000,0.083963000000
56500000,0.083997000000
56400000,0.075979000000
56300000,0.067989000000
56200000,0.067978000000
56100000,0.063966000000
56000000,0.071980000000
55900000,0.119975000000
55800000,0.115989000000
55700000,0.095953000000
55600000,0.083979000000
55500000,0.139973000000
55400000,0.111965000000
55300000,0.111974000000
55200000,0.087975000000
55100000,0.095981000000
55000000,0.115966000000
54900000,0.119970000000
54800000,0.139990000000
54700000,0.159936000000
54600000,0.107986000000
54500000,0.115962000000
54400000,0.127967000000
54300000,0.135992000000
54200000,0.143953000000
54100000,0.103954000000
54000000,0.103977000000
53900000,0.131965000000
53800000,0.131970000000
53700000,0.119966000000
53600000,0.151963000000
53500000,0.175957000000
53400000,0.171961000000
53300000,0.139961000000
53200000,0.127968000000
53100000,0.103956000000
53000000,0.099992000000
52900000,0.139954000000
52800000,0.171980000000
52700000,0.159948000000
52600000,0.103956000000
52500000,0.159989000000
52400000,0.159950000000
52300000,0.119953000000
52200000,0.147961000000
52100000,0.167986000000
52000000,0.139934000000
51900000,0.091991000000
51800000,0.099988000000
51700000,0.155943000000
51600000,0.147957000000
51500000,0.099973000000
51400000,0.095994000000
51300000,0.091959000000
51200000,0.095975000000
51100000,0.076004000000
51000000,0.067959000000
50900000,0.064003000000
50800000,0.107959000000
50700000,0.119969000000
50600000,0.119971000000
50500000,0.119965000000
50400000,0.095975000000
50300000,0.075982000000
50200000,0.139995000000
50100000,0.203923000000
50000000,0.139965000000
49900000,0.119965000000
49800000,0.127993000000
49700000,0.091954000000
49600000,0.079994000000
49500000,0.071967000000
49400000,0.067999000000
49300000,0.059985000000
49200000,0.087977000000
49100000,0.147946000000
49000000,0.091993000000
48900000,0.079965000000
48800000,0.075980000000
48700000,0.075981000000
48600000,0.071982000000
48500000,0.064001000000
48400000,0.063984000000
48300000,0.079967000000
48200000,0.115988000000
48100000,0.071960000000
48000000,0.103978000000
47900000,0.115973000000
47800000,0.115969000000
47700000,0.111974000000
47600000,0.063997000000
47500000,0.095963000000
47400000,0.119968000000
47300000,0.127966000000
47200000,0.171957000000
47100000,0.167986000000
47000000,0.163931000000
46900000,0.171985000000
46800000,0.163958000000
46700000,0.159933000000
46600000,0.091984000000
46500000,0.159953000000
46400000,0.131966000000
46300000,0.099972000000
46200000,0.075984000000
46100000,0.083976000000
46000000,0.075052000000
45900000,0.070911000000
45800000,0.066503000000
45700000,0.069623000000
45600000,0.068002000000
45500000,0.063964000000
45400000,0.069069000000
45300000,0.066943000000
45200000,0.067322000000
45100000,0.067078000000
45000000,0.062824000000
44900000,0.059989000000
44800000,0.059173000000
44700000,0.063400000000
44600000,0.061055000000
44500000,0.061428000000
44400000,0.062376000000
44300000,0.065895000000
44200000,0.063570000000
44100000,0.063339000000
44000000,0.062638000000
43900000,0.089820000000
43800000,0.076620000000
43700000,0.077425000000
43600000,0.069056000000
43500000,0.067969000000
43400000,0.067552000000
43300000,0.061243000000
43200000,0.062953000000
43100000,0.059288000000
43000000,0.061067000000
42900000,0.061024000000
42800000,0.061078000000
42700000,0.059159000000
42600000,0.062165000000
42500000,0.056867000000
42400000,0.059445000000
42300000,0.069897000000
42200000,0.059984000000
42100000,0.063985000000
42000000,0.059966000000
41900000,0.099976000000
41800000,0.059984000000
41700000,0.060004000000
41600000,0.115953000000
41500000,0.123972000000
41400000,0.123967000000
41300000,0.091990000000
41200000,0.067971000000
41100000,0.087976000000
41000000,0.083997000000
40900000,0.099986000000
40800000,0.123958000000
